-1.880997038552920109e-01 -4.248272283885360517e-02 -6.280910826258498947e-01
1.178781938751598257e-01 -4.072770056376707193e-01 -6.198109758760902421e-01
3.861227379570162932e-01 -3.787877058592908908e-01 -6.203338256409663964e-01
4.055625511687016571e-02 3.997176103503334577e-02 -6.040896878333930076e-01
-6.574595784059644732e-01 -1.913862493351176364e-01 -6.122483502394051591e-01
-6.091632152932962008e-01 -5.673785791993816302e-02 -6.041053627488608413e-01
-6.127403629605536750e-01 1.355355692734745710e-01 -6.000309140165009936e-01
3.361929722111297592e-01 2.656601055377120213e-01 -6.097248291019191635e-01
3.429912107245777775e-02 -2.214891680985787425e-01 -6.158013032794331654e-01
4.602402291949718172e-01 -5.468656399012045144e-02 -6.151622839648691610e-01
2.387194428684052128e-01 1.474354756529567753e-02 -6.113272533118960794e-01
-8.295438660516585294e-02 3.230399483533173965e-01 -6.003714939648792104e-01
-3.310931805006665507e-01 -1.567482214099047769e-03 -6.143357100198094667e-01
-4.266917516501039231e-01 8.444708338276291082e-02 -6.073838726324248816e-01
-6.859864695711801463e-01 2.689310897570443837e-01 -5.878412385502485016e-01
5.231377695417898099e-01 8.958900186044960190e-02 -6.134197893636896826e-01
2.795390477097056126e-01 2.816808394855729869e-01 -6.100437539639854689e-01
8.107572088448679326e-02 4.554461036377716043e-02 -6.068158947808062198e-01
-6.536633112406579071e-01 -2.890937854820481434e-02 -6.016942157559336257e-01
-3.824826133347757340e-01 -3.571631617834134520e-01 -6.240170667176228037e-01
-1.721634466935199892e-01 1.331939034718606363e-01 -6.240326971673679779e-01
-1.828803169571902032e-01 -6.391033597744003036e-02 -6.256929277635359110e-01
-4.746876084258896400e-01 -2.806403078141254115e-01 -6.185435565957521087e-01
3.760810275825805515e-01 5.122173363806745705e-01 -6.041057371648723695e-01
2.838634365189690589e-01 -1.305636073725742127e-02 -6.120195186923920172e-01
2.175384667853262621e-01 -2.118394373471910452e-01 -6.169463989919808933e-01
-5.158246437473718027e-01 1.131683452561440539e-01 -6.016417323106820758e-01
5.002916292633461381e-01 3.998810413892548571e-02 -6.140986439997208057e-01
5.805481755403888444e-01 7.939659362969944678e-02 -6.140295268774046411e-01
-3.181822066312553487e-02 -3.420937215879187865e-01 -6.271884509740712765e-01
3.948071771743395519e-01 -7.456880962399242696e-03 -6.134304942269630523e-01
3.605300006148193237e-02 -1.729843836164303983e-01 -6.130285108361481772e-01
-5.175867432728085138e-01 -2.962348109282720854e-01 -6.181575181411875786e-01
-4.111952711112366043e-01 -1.288864698169519540e-01 -6.114051383496076353e-01
-1.985111508853623641e-01 -3.248607551800956061e-01 -6.243946926468930680e-01
5.858160271599800462e-01 -3.124347517017803111e-01 -6.179890299756014560e-01
-1.295846362739372926e-01 3.926125203303842404e-01 -6.012284327922872151e-01
-3.912919330903610882e-02 1.485734733668745977e-01 -6.052746642453457060e-01
3.803125211745956302e-01 3.295089024262780331e-02 -6.121373766677324912e-01
4.239778160767795345e-01 3.254725587078173277e-01 -6.066539960255608044e-01
-2.502151228849343045e-01 -1.537108769217113979e-01 -6.179222802411220572e-01
6.125296955737962179e-01 -1.856643901392475149e-01 -6.147319264128204841e-01
-4.391651945875573171e-01 2.342100817362201548e-01 -5.986641344359033834e-01
6.441766849000911677e-01 -3.145028037239274710e-01 -6.162803580349363042e-01
-3.424983720398783738e-01 -2.786438788054437440e-02 -6.123681354858312442e-01
-1.763130516597769537e-01 1.637265424274452486e-01 -6.153549676065268592e-01
1.468726233104773182e-01 5.214922115058607810e-01 -6.038633077460696663e-01
-1.116536494507930771e-01 4.634052961399628412e-01 -6.031755128373392782e-01
2.283428597772006463e-01 8.732893462839375065e-02 -6.095634912060117205e-01
3.323567207893514674e-01 -1.569465306825964801e-01 -6.163392105146549005e-01
-5.699337104078152638e-01 -1.838257939571633082e-01 -6.097734111291748249e-01
-2.268714855612426751e-01 -2.870426298421246969e-01 -6.226833667469233724e-01
6.217494422535019272e-01 -1.308332603012336004e-01 -6.154721881297361419e-01
-6.913807933216377100e-01 2.944965104826367530e-01 -5.952070829933753249e-01
4.599909731995986961e-01 -3.478432588076302845e-01 -6.185554514099519396e-01
-3.810489622231464368e-01 3.901269367325271853e-02 -6.118319583705197351e-01
6.341314765937756670e-01 -3.920439117286924069e-01 -6.222012638861978973e-01
-4.113992718663373460e-01 -2.906386059209278144e-02 -6.078941072816479441e-01
2.395520438232578986e-01 5.556288526181061282e-01 -6.034797138125372884e-01
-1.241571596310410280e-01 1.032415142423309534e-01 -6.148119508745013562e-01
6.445246066285656439e-02 -2.461038796748760138e-01 -6.140329032787618102e-01
-5.237831083320769465e-02 6.195876177254788786e-02 -6.100083259604162089e-01
1.071986992226597463e-01 9.637475529246733452e-02 -6.063264691378407178e-01
4.827430836204681386e-01 -2.368008236261086030e-01 -6.166554530186860728e-01
4.089593174798910047e-01 -3.393974700777263598e-01 -6.186882017702823866e-01
-1.080965952441458322e-01 4.285759243922773187e-01 -5.999674672879315995e-01
-6.575639357719407219e-01 6.504933147514437020e-02 -6.004266903487677220e-01
-6.616647147255577677e-01 -1.059092547189872252e-02 -6.032099702297233357e-01
4.837498797574463216e-01 3.779656508258708025e-01 -6.081248957055378490e-01
-2.766925928653037881e-01 3.568300825089685824e-01 -5.984106336044860974e-01
-2.991821821686050376e-01 -3.603373242142642735e-02 -6.162643717270566146e-01
1.263480219120892249e-02 -4.018213857560091196e-01 -6.334648739896291403e-01
4.713773040750351973e-01 1.397712452479085710e-01 -6.097168959425464108e-01
-4.139296319346443820e-01 2.594939199055120160e-01 -5.983440754306255105e-01
-5.800256915716571482e-02 -2.416221777521990743e-01 -6.220716708886122603e-01
1.888077460700545718e-01 3.847178265135536845e-01 -6.062708476692160176e-01
6.064662374250555654e-01 3.099540282594806517e-02 -6.129789358708371827e-01
3.452631332225976069e-01 -1.160375197693299387e-01 -6.159595063147086380e-01
-2.503739441890938111e-01 -1.640738966051772385e-01 -6.181048409357742246e-01
-6.146928554216439800e-01 2.049875409862911002e-01 -5.976775071074728052e-01
-5.830182361070062463e-02 -3.212684681824517358e-02 -6.145242555796078809e-01
-5.999276710118079947e-01 3.516757754896080584e-02 -6.028380639704493671e-01
-6.858384203607413576e-02 3.188865357398343869e-01 -5.998739081441533116e-01
1.120919643125691950e-01 -1.251270412670310583e-01 -6.120840702924450483e-01
3.399706075692894292e-01 5.347816461188484305e-02 -6.114526287923948145e-01
-5.791598814236904591e-01 2.662292484210317389e-01 -5.956807291645170865e-01
-5.720032053925681523e-03 1.475783636617195582e-01 -6.035318824818358685e-01
4.291663216446763851e-01 1.550865447983945378e-01 -6.100983880473366261e-01
2.495170299211447729e-01 5.259530697212324579e-01 -6.045397789636810515e-01
1.214326583642047069e-01 -3.573394947111030451e-01 -6.189495655506421778e-01
1.173340351957713884e-01 -3.108149130153950446e-01 -6.169391430328097226e-01
-1.669429526417490206e-01 -1.052733537338911840e-01 -6.233219741589295371e-01
2.460049096940605459e-02 3.813842362252675700e-01 -6.023710073282426691e-01
-2.693193764480167340e-01 2.598170253480555081e-01 -5.998425954493423751e-01
4.519435708510104177e-02 3.799044318679888899e-01 -6.030887364229916559e-01
-4.134699976523190101e-02 -2.676669741388280205e-02 -6.134887748684719755e-01
3.746810635127876821e-01 -2.080632482276302819e-01 -6.164025187814049511e-01
2.025204723077520530e-01 -9.382905170775901471e-02 -6.133318654403761006e-01
2.791815332241675551e-01 4.825901954628250556e-01 -6.055339750730401871e-01
4.843797869162173586e-01 1.817995410134729539e-01 -6.088909558814720180e-01
-1.296471059806748871e-01 3.952548939408006556e-01 -6.015158324249537669e-01
3.706591457638290232e-01 -1.964336698617596966e-01 -6.167707318498414359e-01
2.603682839653888026e-01 -4.118991131751192358e-01 -6.236204228260108229e-01
-2.627011278862039778e-01 3.989965404732601639e-01 -5.997945392762386030e-01
-5.749289300194047048e-01 1.192702199917093364e-01 -6.012929371030821812e-01
-2.613160556380538235e-01 3.272709353241303742e-01 -5.980653683735109860e-01
-2.443470933569805853e-02 4.018824280507781177e-01 -5.980287598896740775e-01
1.338221944434706823e-01 5.013768252748644905e-01 -6.035439478266400037e-01
-1.620428786794810838e-01 1.351691220122138715e-01 -6.214320129702174400e-01
5.789733498999549699e-01 -3.537330605063769839e-01 -6.196963471928916833e-01
-7.201524595502223347e-02 4.449008768925674095e-01 -6.001150998652020618e-01
1.207358309540619845e-01 2.114135438857875915e-01 -6.062195974822870426e-01
3.298624699755696721e-01 -4.002567547840467643e-01 -6.222365728595500300e-01
-2.177651253306100709e-01 3.471245133451362763e-01 -5.998560323767154756e-01
-6.326763736042456676e-02 -3.239578184373964054e-01 -6.263596059824926288e-01
4.028360051919454565e-01 3.798860685553556715e-01 -6.069871564476525538e-01
3.005333872655795435e-01 -3.574146131261969339e-01 -6.202962403472124242e-01
2.831553856832254024e-01 4.179425493459555940e-01 -6.060336608832006533e-01
3.406422761947932587e-01 -3.566728614034631040e-01 -6.200858095281233107e-01
3.197346592044287839e-01 9.802357427380142818e-02 -6.098386302508300716e-01
5.118132266264227015e-01 5.313268380152044168e-01 -6.078367243463689285e-01
-1.497916963342670327e-01 1.287734004829358403e-01 -6.209940111628937665e-01
-6.553736120245566843e-01 1.828731940433359349e-01 -5.987131642283358701e-01
-3.711991335236728418e-01 -6.131084599681922709e-02 -6.096477050305371126e-01
1.016576489880714612e-01 3.021526872655110885e-01 -6.049277960913698182e-01
4.695407696893324490e-01 7.339980507858054337e-02 -6.133793301740469994e-01
2.457706344843957891e-01 1.729592890273953520e-01 -6.100602532062481265e-01
-3.147520656044970888e-01 2.598418925725799467e-01 -5.990110828166086421e-01
5.177771925478705795e-01 5.586019148730514416e-01 -6.057012483362356203e-01
-6.620891054803685893e-01 1.600340434973217540e-01 -5.995171220225361530e-01
2.723033795528211343e-01 1.477354423566561159e-01 -6.097952236202366372e-01
4.101512886381790679e-01 -1.606520044624470955e-01 -6.156268964499780338e-01
4.488173494476448422e-01 -1.179552201089887759e-01 -6.164773386789031973e-01
1.044794326228696835e-01 -7.404558723672772201e-03 -6.097040467106248363e-01
1.577363200666797027e-01 1.310045510816744141e-01 -6.082808135163374486e-01
2.895044890635261603e-01 -4.181384710428339702e-01 -6.242820967455541270e-01
3.094463658947451540e-02 4.398331745006162086e-01 -6.033269556124251087e-01
4.310913552251672831e-01 9.747202859363818250e-02 -6.130740035255277665e-01
4.977667210778536355e-01 4.210846755787106543e-01 -6.099736920288530984e-01
-4.489239573086489798e-01 -1.715998542320508816e-02 -6.060156775840765953e-01
-6.497241815306236123e-01 1.414694200327128171e-01 -6.002190224506370742e-01
-7.027356831969265583e-02 -3.382720681529791107e-01 -6.281361436896508721e-01
1.420672141513958653e-01 -2.993567641464935924e-01 -6.173842545044889718e-01
-6.632806178946689703e-03 4.623127256803866159e-01 -6.000178692320700113e-01
-6.587848088444262507e-01 5.265912899571952022e-02 -6.006565879587300039e-01
2.995425684860568705e-01 3.446816922436994890e-01 -6.084286210721033816e-01
-5.583004778347212815e-02 4.134938001276782238e-01 -5.983372604502649184e-01
-6.369265792347666988e-01 6.955307840890531668e-02 -6.004509730714797655e-01
1.419182689906971495e-01 -1.966108402415937539e-01 -6.157842652003173711e-01
-1.055594112879912616e-01 9.888527405243280333e-02 -6.131924662123160452e-01
3.348381409257222274e-01 2.502817673118333808e-01 -6.098879896194484562e-01
-6.388479185550204331e-01 -3.246788799006051773e-01 -6.187346196230547601e-01
-4.109790241802439015e-01 1.945687593813613114e-01 -6.013412572099758879e-01
1.774514008201584780e-01 2.493332398948565065e-01 -6.080458947608222697e-01
2.889659467914585944e-01 2.268648924165936331e-01 -6.096992453618227392e-01
2.386003211846665917e-01 4.030922437452640339e-01 -6.077305481076097360e-01
-5.611100393666388353e-01 -3.315501045982877093e-01 -6.197221968946451387e-01
-3.751527772314860454e-01 8.913267896254505399e-04 -6.103428861958382079e-01
-3.345467156269934517e-01 3.088870288336063030e-01 -5.977310131771571555e-01
3.759632574641567082e-01 4.917219670037004109e-01 -6.056753706097717238e-01
-6.680493760396671865e-01 1.848707491614858256e-01 -5.987452950477178959e-01
1.674159361070737262e-01 -3.001303247971168209e-01 -6.163920463100752700e-01
4.325247511811373680e-01 2.210888243145357757e-01 -6.080542402487885134e-01
-5.068965040191895088e-01 -2.903438685949918385e-01 -6.180641968918419993e-01
-1.364633136675962727e-02 -1.855682726519963799e-01 -6.168554432406238019e-01
-2.823853880759888413e-01 2.547613734043918665e-01 -5.997893049241359575e-01
1.408156703367486329e-01 -1.727624712474657431e-01 -6.146600757237454804e-01
2.109547159383549919e-02 -4.960979009398273909e-02 -6.106640249307666579e-01
4.300128534335842523e-01 3.325120197693663959e-01 -6.069206742140175193e-01
-1.283447256893562038e-01 4.175795663415625414e-02 -6.204219579249471428e-01
3.752945404288543507e-01 4.097516200989769763e-01 -6.074493403466749708e-01
-4.008554423178314202e-02 -3.925416166788878169e-01 -6.329535341115855029e-01
-1.427519791148829376e-01 3.623805985439924049e-01 -6.011057686405782974e-01
-1.627516488935772387e-01 -7.421582876678387009e-02 -6.257094599129986445e-01
3.633449198781195655e-01 -1.168369940820149222e-01 -6.158864206923929663e-01
-5.690078166771048163e-02 5.172183577239405916e-02 -6.107809956892747971e-01
-4.072735229798481460e-01 -3.240906919459682345e-01 -6.205829994497904512e-01
-4.955353641161577838e-01 -1.489099638550052118e-01 -6.098742803888339559e-01
2.252461634415550973e-01 2.600084743730347037e-01 -6.098187556985531499e-01
-2.270680342602701962e-01 -1.286261893478093943e-01 -6.200163041391404395e-01
4.489476784573280255e-01 4.832507084882714521e-02 -6.138497819011721202e-01
6.241975202527812183e-02 3.963051924275284854e-01 -6.037395533631266797e-01
-2.974007677467874200e-01 -1.355059853364969369e-01 -6.160132242189306773e-01
4.887256479798534614e-01 5.843013477624647845e-01 -6.060368810588168120e-01
-5.111234702140086128e-01 3.919397649005178924e-02 -6.038757688182125882e-01
2.012454943145318975e-01 2.227397377398850908e-01 -6.085865260219276429e-01
3.600904183294051375e-01 5.333360429266298386e-01 -6.036733148538195870e-01
4.625538608386671746e-01 5.364683395938768529e-01 -6.063803741304397699e-01
-6.297849090043114995e-01 3.108954553257678999e-01 -5.933577275664081441e-01
4.974136979414675030e-01 1.919803050534990285e-01 -6.077742641428192094e-01
4.674442456385213829e-01 7.585593883419862286e-03 -6.144199296653682918e-01
1.773198479167923669e-01 -3.024652898337137907e-01 -6.174134924918125433e-01
-4.090039622485036053e-01 -2.309638184275680517e-01 -6.164615764792445995e-01
-4.640947366680658881e-01 -2.464582627858903363e-01 -6.164050439722030816e-01
3.086672701776331240e-01 -2.276259052880713063e-01 -6.168042475948525283e-01
-1.948404365848922792e-01 3.063921605190270125e-01 -5.986820302647511971e-01
-5.994820747816140272e-02 -2.790807413948152571e-01 -6.242622629172009940e-01
2.527960572654376348e-01 3.863366657272249149e-01 -6.080761664633895780e-01
3.797398648479046179e-01 1.197572425148253766e-01 -6.103065401267602219e-01
-3.370939189429419947e-01 3.016725422735246354e-01 -5.976197695753677763e-01
5.262765667238021861e-01 9.734335355244390364e-02 -6.124941662051375246e-01
3.013137418709823656e-01 1.259231950325401805e-01 -6.097183742222368474e-01
2.741640309113338447e-01 -3.642714329402556572e-01 -6.205524916997375851e-01
3.766733285401144826e-01 -4.327282477467133681e-01 -6.250215544968134029e-01
3.188459001545677074e-01 -2.110757739318349924e-01 -6.172351760492982287e-01
-1.095436021095806539e-01 1.850746287898486983e-02 -6.171452525129612621e-01
1.716370036987885025e-02 -8.872736004237397056e-02 -6.121188560709276416e-01
-2.676497512646712207e-01 -1.306457008383161977e-01 -6.169725097428839788e-01
1.915933361414653979e-01 2.157427132941038828e-01 -6.084433344104444030e-01
5.745206739625354775e-01 -2.739385596041636894e-01 -6.164411649189884823e-01
6.393831346284072070e-02 4.950734468446267300e-01 -6.031310540244085860e-01
5.208175053053214487e-01 3.547411300036611426e-01 -6.071712523961483310e-01
5.267645441168957721e-01 -1.241139584367769444e-01 -6.159893253839884286e-01
4.073694116052695158e-02 1.739199902703850720e-01 -6.035485454836490016e-01
-3.019099475015670220e-01 -3.488943754661615049e-02 -6.161317144360410891e-01
3.447128624589482215e-01 5.679491603121880061e-01 -6.080661249111495303e-01
-6.654755560943008408e-02 -3.375502932855058424e-01 -6.282081933304195509e-01
3.431307912547423844e-01 2.213037747329197127e-02 -6.118095066104979329e-01
-3.819489875079923880e-01 -7.945541146154407042e-02 -6.095925281043135247e-01
-6.596126732772000789e-01 1.660029748611648870e-01 -5.997712142515535527e-01
-4.984241077236117867e-01 8.581850647957607603e-02 -6.026364282809769657e-01
3.393341635799588252e-01 -3.303451877987514385e-01 -6.194388165652314759e-01
9.050337490425525155e-02 -6.217456476817372069e-02 -6.100564415922651307e-01
-5.018636661062312321e-01 1.430532980674323884e-01 -6.004564428381400365e-01
5.954699026908600867e-01 -2.865826196921217872e-01 -6.176129595965018648e-01
-3.551816620295926707e-01 -3.470163185522848193e-01 -6.227486789511647025e-01
5.929472009368298435e-01 -2.152766060929256486e-01 -6.156621872164436127e-01
-5.697501726178535453e-01 9.921320725615374869e-02 -6.018901690132093529e-01
-2.467459955860906440e-01 2.393360694916380482e-01 -6.004132558528658681e-01
3.500311129394391152e-01 -3.875436041252741104e-01 -6.214614488880901844e-01
-3.937166856609806143e-01 -1.144512876844572258e-02 -6.086154591843733197e-01
-1.916774704165330467e-01 2.514050761763518826e-01 -5.999494520821762045e-01
5.308799184060999377e-01 3.736547601393641269e-03 -6.142645433978215497e-01
1.065489846878982932e-01 -4.296227399356535720e-02 -6.102919257403217612e-01
-2.919196710781850335e-02 -2.416650699296949145e-01 -6.202625825404800564e-01
9.159108668818399801e-02 -2.298618320826142924e-01 -6.143165786836199960e-01
-3.978421846153901154e-01 -1.188049317879810163e-01 -6.102307033299907424e-01
-2.324076897503117856e-01 1.038283305994732175e-01 -6.422807195944375547e-01
-4.561640757913042465e-01 3.168435179962901804e-01 -5.963353991133052423e-01
-4.482046023752715991e-01 2.028756140771056371e-01 -5.993164412885527703e-01
-3.585272930704516137e-01 2.839737399832502063e-01 -5.977893238206923865e-01
-2.398965062382653335e-02 1.139895042470757819e-01 -6.048972011813057437e-01
4.564482488394251414e-01 4.667886698491965358e-01 -6.076219361638169891e-01
-2.395856646913953614e-01 3.693999466239953344e-01 -5.998218713427176940e-01
2.970519366273096096e-01 2.297564645533068384e-01 -6.101976853035689929e-01
4.068093128392603064e-01 9.472861627174836152e-02 -6.118836501844797660e-01
-1.442690120305396839e-02 -7.878390809815433160e-02 -6.129450236574321975e-01
-3.478878307827679706e-01 3.742971934023714975e-01 -5.960162425107065065e-01
1.529216722267311146e-01 7.502863566529886785e-02 -6.082408095764884060e-01
-3.479301669178320178e-01 -2.196516262981455803e-01 -6.162128892412697123e-01
3.522346821624591784e-01 -4.289811935343837423e-01 -6.244788220904378129e-01
4.369048641095331642e-01 4.459973465658305658e-01 -6.063696823609683317e-01
-4.672353456260781579e-01 -2.040691533358496013e-01 -6.131068861122893621e-01
4.176890835431997656e-02 -1.494372439905209959e-01 -6.112783902024072624e-01
4.327530526986343995e-01 -2.458511944370636582e-01 -6.165394601737413938e-01
6.158746423752230470e-01 -1.307285241341223925e-01 -6.153919221944642581e-01
-3.787868604590534094e-01 -2.299688979257182575e-01 -6.170538140761077095e-01
4.713742052026097529e-01 -9.760922195118140743e-02 -6.165341682100022869e-01
3.997492156251859080e-02 -3.252868183567410310e-02 -6.063281334084479335e-01
-1.898590977317616557e-01 -3.487632379544904904e-01 -6.264809821879938623e-01
-4.783831465289483525e-02 -2.458908578981048310e-01 -6.216422374030213804e-01
3.036551064059541671e-01 5.618885985907124958e-01 -6.068745662070524904e-01
-2.740164877041596503e-01 -2.970245818964251661e-01 -6.221692405692842431e-01
7.093442754499600100e-02 3.011009951224103420e-01 -6.035293677620656716e-01
-2.942204799113281588e-01 -9.131350033076524042e-02 -6.158307599421705136e-01
-4.390092499866882214e-01 -3.089614118516295083e-01 -6.198985921069144478e-01
4.564141975417985719e-01 4.122894698879830955e-01 -6.080200255951595523e-01
5.001415541710774702e-03 1.139585103788529896e-01 -6.039788046900005369e-01
2.169979557206109244e-01 2.146484941916926292e-01 -6.094537212405143345e-01
5.761236506000762259e-02 3.494894420298464977e-01 -6.036539403744439758e-01
-4.329331382262085470e-01 2.759541984298315986e-01 -5.977841562102976791e-01
5.673439190447758795e-01 -3.963662082969287015e-01 -6.224299775426719306e-01
-8.137930519769785709e-02 2.195788325333183078e-01 -6.043511707750321982e-01
-9.278439471504404401e-02 -7.908450764563679236e-02 -6.178614149145327250e-01
3.939841793931854741e-01 -2.821367112435628835e-02 -6.133045588911529844e-01
1.043121910559164089e-01 1.185973476240964886e-01 -6.064110609499053783e-01
-9.413787103137168100e-02 -2.561267262895726149e-01 -6.244229514888014476e-01
1.619305712897626537e-01 2.979533537094401496e-01 -6.069113504136223192e-01
2.989365778986413646e-01 4.102506153129492628e-01 -6.063617902483295907e-01
-6.366606841146291718e-01 3.252546240260250632e-01 -5.901925519117410257e-01
-1.109026081019195420e-01 1.882606032019881470e-01 -6.079803254925386646e-01
-2.413292382011444914e-01 -1.378701206423041670e-01 -6.189869750720811137e-01
3.197927953756172226e-01 4.098661639832754111e-01 -6.076015174583671019e-01
-2.603654221930433443e-02 1.090405457619111063e-01 -6.053204053160892162e-01
5.217052183228532147e-01 2.812158541228341191e-01 -6.064738767064397074e-01
2.988359785091971865e-01 2.724716551923609398e-01 -6.101809969142062418e-01
-4.958428236141614320e-01 -1.010358417478375431e-01 -6.074015872442914965e-01
-1.938219764188153504e-01 1.661328845703324841e-01 -6.190511503144408012e-01
-2.850126905055633264e-01 -4.901210264028044855e-02 -6.175708231901246847e-01
-6.398145023303181134e-01 -6.216815777720827857e-02 -6.036275749889657982e-01
-6.090739039364372331e-01 2.168265223909903727e-01 -5.973984301845620681e-01
1.302808377302829834e-01 -2.618793080366437209e-01 -6.161613167394882629e-01
-3.814281559049753079e-01 -3.372752584206689663e-01 -6.220622329260323546e-01
-2.321784852668476451e-02 -1.474472207543636899e-02 -6.111813263493663939e-01
4.189740798383462805e-01 5.371338782451031552e-02 -6.132139204804790689e-01
5.281586830030718938e-01 -2.299958969560508826e-02 -6.142729137683164975e-01
-1.976844222346151037e-01 -3.373600974458219603e-01 -6.256122300663128355e-01
6.343179091671912184e-01 -1.352884404924773742e-01 -6.161239873574602122e-01
-6.315428473071196258e-01 2.846076041579307936e-01 -5.948495940860087927e-01
-3.215366521314970694e-01 -1.334378584078507179e-01 -6.140391458776377487e-01
3.194728029798085678e-01 -2.500412741255695348e-01 -6.181281068097342901e-01
5.558160153342098786e-01 4.579886974326015658e-01 -6.097315661987097180e-01
-2.854300213750406434e-01 3.517757653043389610e-01 -5.981352049401827964e-01
8.573638622351589800e-02 -2.058884254743313658e-02 -6.087292530458621176e-01
-3.282605906112022742e-01 -1.063445153468302318e-02 -6.138320951019132776e-01
4.102313044094061945e-01 -2.698569653583007266e-01 -6.163990433030652749e-01
5.867826120953145708e-01 -5.407313726862955638e-02 -6.157200852646398381e-01
6.941447855594309324e-01 -4.418167671306815203e-01 -6.240783248842542985e-01
6.008916352462481125e-01 -3.501130585575188900e-03 -6.138558073388716840e-01
4.792263684489711517e-01 2.165125767382828359e-01 -6.079382589148034644e-01
5.520542180561116563e-01 3.363299719158438505e-01 -6.074926251224388452e-01
-4.317122087234973038e-01 3.150914045338840813e-02 -6.070610320975853291e-01
1.534375449576585448e-01 3.959344710241365917e-01 -6.060360052795084052e-01
-4.713383111791257796e-01 3.771738481729707271e-01 -5.935623167096328867e-01
2.284233444495285537e-01 1.908020946802184703e-01 -6.093951536434590865e-01
-5.175376177633164154e-01 5.142732024043147367e-03 -6.047080171435005314e-01
4.683512261108306873e-01 -1.077139344560492235e-01 -6.160905516933430359e-01
-5.448059426316594900e-01 -4.502363688269568620e-02 -6.060433227739820961e-01
3.623965456266763085e-02 2.284956801549831440e-01 -6.035203104558466425e-01
-3.382216464430636282e-01 2.148078493238715914e-01 -6.009376364529063208e-01
-1.461704118130586483e-01 -1.841276614003981710e-02 -6.283017496996883278e-01
1.260663680541512788e-01 -3.255159130334820405e-01 -6.177598996433404377e-01
-4.396492595386313207e-01 -3.280756094946659651e-01 -6.210154567046942686e-01
-6.747641433963041946e-01 2.990545492787123338e-01 -5.911573565397554297e-01
-4.430185730457030235e-01 4.690088439375621199e-02 -6.062964572381279726e-01
2.196643473284184689e-01 -3.963756136864736712e-01 -6.219436817513067650e-01
-3.057621677713579303e-02 -9.337376460104886144e-02 -6.136112962010968896e-01
-2.199709220174208280e-01 -2.441151305340420741e-01 -6.204461400619216693e-01
2.807061456189905990e-01 2.269387572853362456e-02 -6.103328291622701629e-01
5.078215308040252562e-01 -8.651957297459547669e-02 -6.159190507745060383e-01
4.214027739112937709e-01 1.907350991353345959e-01 -6.097145296225719990e-01
2.600165261263548966e-01 3.511915696681210397e-01 -6.095186896580853109e-01
-5.356932308628662431e-01 1.865749461078884397e-01 -5.978953708957842617e-01
-2.665419425974768775e-01 1.715965462390477148e-02 -6.315227332148452000e-01
2.059414618898427474e-01 4.858418103201725402e-01 -6.056458123897153767e-01
6.080938921742101710e-01 -9.124012641657257283e-02 -6.165084549449052487e-01
4.281007259338104332e-01 1.026162864573174349e-01 -6.125648323724737221e-01
6.257512114951526705e-01 -1.522741410782100790e-01 -6.142790812285978674e-01
5.017743263308425128e-01 3.505023258995376145e-01 -6.076941462232223756e-01
-1.339921349654661364e-01 -5.190577877130854445e-02 -6.261989787842989763e-01
-2.772879960809258026e-01 -3.268063078340092686e-01 -6.220836962007534332e-01
-4.452804632566336185e-01 2.531466688648822960e-01 -5.982615755191622586e-01
2.645703736173928289e-01 -2.282268595912291531e-01 -6.175695388635739080e-01
2.772507037218788217e-01 -1.146066131908462515e-01 -6.143806011690345903e-01
3.819077286147152805e-01 -3.822087081363184091e-01 -6.204209632384021234e-01
-1.802842438282196424e-01 1.310431605439197900e-01 -6.263762593017113689e-01
8.403115336561721438e-02 2.842297702230073830e-01 -6.038297700566732651e-01
5.289014381333733139e-01 -2.867897758986832635e-01 -6.175787056364655525e-01
2.999167610139624740e-01 -2.957553219399691735e-01 -6.184441846818922173e-01
-6.596392722144893694e-01 -1.775934169184449074e-01 -6.147967048809738211e-01
-2.866900241815514283e-01 5.136404941376427127e-03 -6.222856158909845226e-01
-6.722039211608049625e-01 1.184638473855507620e-02 -6.046451276188895552e-01
-2.079449192539665758e-01 4.203843918974186078e-01 -6.021327729744416768e-01
-1.029918609299120269e-01 3.087823393010618589e-01 -6.003553817069828824e-01
3.602141365306447129e-01 1.397186938194214939e-02 -6.121318023205322145e-01
-5.650598464240171870e-01 -2.504014703510288320e-01 -6.150295222820717500e-01
-3.073193372194745754e-01 -3.452418689806035501e-01 -6.229781527285223053e-01
4.030460039644670478e-01 3.314060703650185125e-01 -6.076530497758332316e-01
-5.763299893821405284e-01 -1.475610387204624452e-01 -6.073531093922639457e-01
4.643985281172192670e-01 1.364567529187269423e-01 -6.097972510751095143e-01
-4.083615461696652460e-01 -3.054366375363473107e-01 -6.202905602006887342e-01
6.712466731112207707e-01 -3.870667545702510259e-01 -6.249464445887561448e-01
2.938756645001684986e-01 -1.091828738603718429e-01 -6.146447524682807639e-01
6.016521391418051812e-02 -3.518449376851796595e-01 -6.208078678275220641e-01
3.952962481634706426e-01 -5.588435892544404981e-02 -6.139418251683099736e-01
4.444685511279783396e-02 1.319367009068057829e-03 -6.052332183575465097e-01
-5.172331265042042769e-01 2.779074818246881629e-01 -5.957502569855146479e-01
4.066195499821831927e-01 4.088117441336741043e-01 -6.063389615387180243e-01
5.813275485496761652e-01 2.056834708158342129e-01 -6.098763373375754027e-01
-6.013371568938437051e-01 8.931997248597350891e-02 -6.016853855393646811e-01
7.991252251377908844e-02 -1.279024610332925305e-02 -6.080762480278726345e-01
-3.373239501685935948e-02 -2.435730097875235256e-01 -6.203547396295895355e-01
3.928066441042773471e-01 1.894729440338648874e-01 -6.098597896544629693e-01
5.158406979466721998e-01 2.809444964969175229e-02 -6.141847351132557753e-01
-2.533617932324399580e-01 9.929474610429984971e-03 -6.306127801144224554e-01
-2.901157875795900565e-01 -4.532964899878520748e-02 -6.172219437424317778e-01
-4.675339923338277526e-01 2.959578508527290208e-01 -5.963270024580757944e-01
3.728824367837205722e-01 5.397886821418562686e-01 -6.032062449321172748e-01
4.459888052835288552e-01 9.442602867001721745e-02 -6.133073240004696114e-01
4.411827050940624328e-01 2.564541205312829697e-01 -6.071247490306850292e-01
1.249996488703445652e-01 -2.308312432843917517e-01 -6.160343063450488543e-01
-6.397552811865883649e-02 -2.749017086405613486e-01 -6.242089530436465417e-01
5.743016533947810087e-01 -3.393453857129972995e-02 -6.155345589241556503e-01
-3.705191342687679801e-01 2.953413976887335202e-01 -5.977258108776301038e-01
4.134103466569933882e-01 -5.370254652187936295e-02 -6.148179948706355979e-01
-6.353142770938042805e-01 -1.020076526128120969e-01 -6.057145587277245058e-01
4.410847277981636561e-01 5.754662578289332364e-01 -6.048982158460424197e-01
-4.760583527707787921e-01 3.302515980382562666e-01 -5.953751510376058542e-01
2.384932407915144048e-01 -1.250198003534479518e-01 -6.142078491932839723e-01
4.535351414536489822e-01 -2.844297257037341556e-02 -6.153024108725644314e-01
3.894955236928543396e-01 -9.280090074303883052e-02 -6.149071319450537532e-01
2.795532633775833498e-01 4.138714285894754541e-01 -6.060979702403788139e-01
2.507368752986944838e-01 9.314320321191597862e-02 -6.099435386781087987e-01
3.144500629287469984e-01 3.666988655216055770e-01 -6.081329857841772935e-01
-4.658920127311787507e-01 3.185316720762434994e-01 -5.959786885338291818e-01
4.951280644629640904e-01 5.154445935627306463e-01 -6.077299399616855613e-01
2.516068259902083382e-01 -2.426511032531712339e-02 -6.122563621471184270e-01
1.021021308539630384e-01 1.326427249378122064e-01 -6.063663209919678554e-01
3.494806593613928869e-01 -1.673525554973318008e-01 -6.170337282214569674e-01
4.536642196302678731e-01 -3.338712562173176690e-01 -6.184349077888655621e-01
1.660198799383658663e-01 1.969916787862843188e-01 -6.079825024928531274e-01
3.536494065255960662e-01 5.406190906398369300e-01 -6.094393807325630963e-01
-6.314136025794501172e-01 -2.406382954199676460e-01 -6.155238286642122914e-01
3.759295729504640859e-01 4.553723516673418015e-01 -6.044998030573268677e-01
4.433216683575884609e-01 -2.862606281291681445e-02 -6.141709655375126031e-01
-5.978697406483658439e-01 2.249407738153945228e-03 -6.038376628889600140e-01
-3.400874087355458264e-01 -2.148050585162639692e-01 -6.161729092228762639e-01
-2.735195710593029544e-02 4.073827484436070012e-01 -5.979727390697975320e-01
3.276210424696254231e-01 -1.415382728024354719e-01 -6.158248545434994448e-01
5.741607573071310089e-01 -1.291800650663696981e-01 -6.162089914275166169e-01
-3.335339715757991153e-01 1.801339113157399419e-01 -6.119389170185304261e-01
4.577375448575340955e-01 6.065940295498668533e-01 -6.031943352507087575e-01
4.502547479506245620e-02 -1.490916927976070061e-01 -6.107210173275248177e-01
-4.863978713038439872e-01 2.006910017925107315e-01 -5.987652232396688534e-01
-5.711385072212002978e-01 -9.956621707943451305e-02 -6.058041911017227887e-01
-5.727864343624978760e-01 -8.715816434234095744e-02 -6.059908284149588820e-01
-2.694467578219160719e-01 -2.597883971374884693e-01 -6.206219969693839156e-01
-8.784801726284795220e-02 2.572598578550251425e-01 -6.028998454762926063e-01
2.081497521083933711e-01 1.051101309692383801e-01 -6.085918174037974193e-01
5.468232180143702825e-01 1.599646486575549698e-01 -6.107512023682232227e-01
-1.898784450517886635e-01 9.701429757648188240e-03 -6.351486882016414981e-01
3.813270672090163238e-01 5.457221595670612713e-01 -6.024161451933736089e-01
5.236752595944729055e-02 -2.958332891158676481e-01 -6.184410170120843153e-01
5.138443047718092016e-01 1.670862662716327274e-01 -6.088095555132337910e-01
-5.685936595913166913e-01 1.136675588429403722e-01 -6.012318138267830347e-01
-8.123046459697787214e-02 -3.286927726079950096e-01 -6.280426855761901406e-01
-6.494358670074186213e-01 2.618258775428686236e-01 -5.940326972468660260e-01
-4.018210499900219945e-01 1.131087511776721621e-01 -6.081175727983270107e-01
-4.713697094082845429e-01 1.064021328442295022e-01 -6.032353227225366599e-01
6.166747582163603636e-02 -2.276873319721011424e-01 -6.136029989642188820e-01
2.606110402289465999e-01 -2.864182351550944583e-01 -6.181915674062318233e-01
-6.137999013805369719e-01 2.744427341144484722e-01 -5.954300466498477773e-01
3.495078453438462129e-01 -1.549706801191543803e-01 -6.163574770267115088e-01
-2.036665324376661923e-01 4.146415698020965157e-02 -6.386698163721206134e-01
5.322826599708010420e-01 2.245272181322869876e-01 -6.074797779349476734e-01
-1.897041541838345169e-01 -2.605861887450962033e-01 -6.222003534714399819e-01
3.475373871329942577e-01 5.356561741501650875e-01 -6.084775820651759926e-01
-3.565274420096998798e-01 1.410714448580273062e-01 -6.173683351404842812e-01
-2.092321510173637544e-01 -2.117166804543590686e-01 -6.201403335336377332e-01
2.842747911306499065e-01 3.404977108525900631e-01 -6.081500821484129293e-01
-2.593564609464206749e-01 3.698738192568662431e-01 -5.989914084564672558e-01
-2.319386058115124327e-01 -2.768519245029553155e-01 -6.221960832567756672e-01
5.708680437044838518e-01 -3.320950039018735755e-01 -6.186608125265414815e-01
2.049910305964709467e-01 -2.260802776383916690e-01 -6.171576913630572037e-01
-5.403148033013960294e-01 3.552184029534600357e-03 -6.040427680376744268e-01
5.338607531993928568e-01 -1.408803131412117993e-01 -6.160153021899518189e-01
9.864725502091355180e-02 3.994962105570855071e-01 -6.042283515487913981e-01
-3.467477600880870536e-01 -2.339195001011711295e-01 -6.178984956059017097e-01
-4.853020189696163333e-01 1.509371771520002237e-01 -6.006465060583752180e-01
5.027147817862072099e-01 1.437327983563184142e-01 -6.095682263530495248e-01
-1.924662523771197009e-01 -1.329734656899085599e-01 -6.214947244597609499e-01
-3.579547192035598679e-01 3.193751669943690752e-01 -5.969589358950536662e-01
2.158120064036238017e-01 1.943877589796668900e-02 -6.104344350205741510e-01
-2.182837771597556653e-01 -3.541020574883390060e-01 -6.259767522416015417e-01
1.016207775525987955e-01 1.097673132893692699e-01 -6.062034389413059055e-01
2.688351119065537920e-01 4.833977745108274382e-01 -6.060027947069682730e-01
3.600033992627965640e-02 1.666724216193063435e-02 -6.044551590365959681e-01
-6.367178379000378863e-01 9.168732424165111639e-02 -6.000856258760161044e-01
-5.045030865807774711e-01 -7.240707071557517249e-02 -6.071648037733547998e-01
4.558015975630427818e-02 4.911705141223371429e-01 -6.028073471716828280e-01
4.877528428748225189e-03 4.487024984719119036e-01 -6.018277755023310194e-01
3.809213208649730453e-01 4.039662356641195440e-01 -6.055193380735982567e-01
-2.955034638356810461e-01 2.276006645105026205e-02 -6.278209373158162299e-01
-3.264214983541002257e-01 2.098368375848728706e-01 -6.026757485700489081e-01
2.899785656133925249e-01 -1.018017299235429163e-01 -6.141368379852734094e-01
3.932274882727943566e-01 -3.213967792093938014e-01 -6.184023943983629756e-01
5.806610626634491068e-03 -3.124905552797686489e-02 -6.098246410590348887e-01
2.633855456866914246e-01 -1.180762581045111254e-01 -6.152190944828987984e-01
-2.025370189099757467e-01 -3.500833703442803868e-01 -6.264665452977858928e-01
-3.747677539548288639e-01 8.046748946187952389e-02 -6.128628271573235420e-01
3.405236907771150290e-02 2.702634234920874845e-01 -6.033151383692201275e-01
5.210942776312639246e-01 -1.063736867033545502e-01 -6.159484155239426384e-01
-7.735713581704516117e-02 3.919104835668117959e-01 -5.996712368704139040e-01
1.757719578758323298e-01 4.688941657803257224e-01 -6.056418221401785873e-01
-3.578382519292350877e-02 4.735677275140073306e-01 -5.993909317855519170e-01
1.336403969832012650e-01 -2.193372330555814487e-01 -6.160295226870403651e-01
1.113897368753574146e-01 3.566001802858013991e-02 -6.079189116745543631e-01
-4.698943381916649842e-01 1.002274007127997857e-01 -6.036222818924865674e-01
-1.803411486578125333e-01 2.645684893956521955e-01 -5.999457331592796816e-01
5.693772577142025559e-01 1.548088831220281823e-03 -6.140911944047922066e-01
-4.259045214614030073e-01 -2.030286456976559684e-01 -6.138719890827135650e-01
-4.485947154304633644e-01 -3.450946967011933042e-01 -6.220578404958770902e-01
-5.514940142688022906e-01 -1.562403636698586895e-01 -6.084357629843020199e-01
-1.673904759079087451e-02 1.560437893079613947e-01 -6.028559452861314005e-01
6.142684856992272069e-01 -3.595687266613950550e-01 -6.203951143113970446e-01
5.295731045797217457e-02 -3.401778642349705395e-01 -6.215676021880001123e-01
4.777557513228060104e-01 -3.803679972086072003e-01 -6.205155411454251757e-01
4.350428103852127526e-01 4.668125962928921235e-01 -6.062667036703262013e-01
2.883735272100540481e-01 5.056534478491265805e-01 -6.044756370541291002e-01
-1.993671857518935497e-01 -1.228450856356374243e-01 -6.208104523266192443e-01
-6.436880466795513733e-01 -2.902538263181830835e-01 -6.210364579564444654e-01
-4.922602749614556350e-01 2.623528554636798127e-01 -5.960686876274429169e-01
2.009300209774096679e-01 9.132746792943889635e-02 -6.081504295320449005e-01
-4.740365421674722635e-01 2.962049431735668814e-01 -5.964794570844819122e-01
4.904067357026133944e-01 1.050486019633390111e-01 -6.134443334699578587e-01
5.111463898138397521e-01 -5.293802786230212415e-02 -6.158535360338451836e-01
-8.947237453223383374e-02 2.667758158420516779e-01 -6.022342792298253089e-01
2.511793551291953142e-01 5.855182997398292177e-02 -6.099623333371581024e-01
3.401741420626371304e-01 -3.440802751667055848e-01 -6.199818728939783252e-01
5.646832151297279667e-01 -4.204208156710222966e-01 -6.243950260400729091e-01
2.577009152875747167e-01 -4.236292064254240097e-01 -6.235510400854997748e-01
-5.978464329132350263e-01 -2.623713273399753965e-03 -6.038178771808018208e-01
-1.056673715592141606e-02 -3.514693798637095190e-01 -6.272765401935183061e-01
-8.012983882107257982e-02 4.266508437142150778e-01 -5.998687070888606421e-01
3.996251414763908882e-01 4.711524433424612579e-01 -6.061024422521207322e-01
1.999579017326120756e-01 -2.689837689187742908e-01 -6.175004823601583093e-01
-5.261574706356909603e-01 1.307084510211528605e-01 -6.004173777783469168e-01
3.482183138721381965e-01 -3.819241695979049833e-01 -6.211064436045251602e-01
9.015269044245721730e-02 2.868132095574065232e-01 -6.041965276009756414e-01
3.905104760077319770e-01 -1.092339889177760051e-02 -6.135182717766464178e-01
-2.002403010482570189e-01 2.580613999263920988e-01 -5.998683483613441725e-01
5.338231881838799708e-01 -1.118807160754278426e-02 -6.142079380336842309e-01
5.688762976884427225e-01 -1.880153701169886005e-01 -6.160282744523147835e-01
1.035991693963830701e-01 5.103697792236810971e-01 -6.033001741891308445e-01
1.607190123781598312e-01 -2.933844890034493225e-01 -6.172118988626973390e-01
1.741208374733832775e-01 -3.631135956451216895e-01 -6.192353427697472323e-01
4.059140067031952182e-01 -3.368091143188987058e-01 -6.185423388782613774e-01
-2.950841624292899201e-01 4.542974537176235755e-02 -6.350083592013529010e-01
-6.025548508998591901e-02 -1.950564546619979467e-01 -6.198543467021372377e-01
-5.961946673270008823e-01 -2.523319137790502875e-01 -6.154481763243161430e-01
3.626784128263201845e-01 -1.801264435835009947e-01 -6.172417112181654009e-01
4.640959375632979778e-01 -7.612278025059994457e-02 -6.157183749347354684e-01
-3.241508858713342267e-01 -7.313393579846986896e-03 -6.146354697542766310e-01
1.888542092830271246e-01 -1.364396522965164449e-01 -6.139368508597778940e-01
5.341618362595520475e-01 -1.943785782190065592e-01 -6.160616865116559371e-01
6.219233725289987635e-01 -2.028757976319722212e-01 -6.152922041321675639e-01
-2.164932554922977537e-01 5.428563833653803072e-02 -6.400693271423456565e-01
-3.103240883451419130e-01 3.348781311907221281e-01 -5.977096860350739060e-01
-3.240951222843769242e-01 -2.887068430440888900e-01 -6.206133132076635528e-01
5.155830827831435759e-01 -1.773660880014935048e-01 -6.162140038590874225e-01
-4.027215013240363906e-01 2.189337018523918321e-01 -5.996921081235166984e-01
6.518683501828557159e-01 -4.316774748625610281e-01 -6.236938842884578449e-01
-2.986550732046027168e-01 -3.423503979622506410e-01 -6.232268276918773164e-01
-1.025503495177828295e-01 1.710246276441144686e-01 -6.082403326112721942e-01
4.910404567672839171e-01 -3.387175952502647913e-01 -6.197164049843520983e-01
-1.412958068955603719e-01 -3.964875905576952797e-01 -6.338931189795251608e-01
4.717124012815681611e-01 2.427002122680926299e-01 -6.078765328348932906e-01
-4.624152300873254906e-01 2.393739970076647072e-01 -5.978762514418527463e-01
1.691275132704238848e-01 4.539797820233638752e-03 -6.097771304736455678e-01
-2.431668344347607535e-01 -1.129140951114926544e-01 -6.187722085330749078e-01
4.558842829100361316e-01 6.651405695444302657e-02 -6.137940561905106396e-01
2.485338956561517210e-01 5.494614591925842673e-01 -6.041900070330236128e-01
-2.090422424464026818e-01 3.363378785287622907e-01 -5.998466350972880834e-01
5.463248284707993285e-01 -1.342756162395008016e-02 -6.143599946490023722e-01
-4.466199809091234152e-01 -4.021641098617576016e-02 -6.069604454575324715e-01
-3.437657883654886559e-01 5.380674795984186770e-03 -6.140928469080030316e-01
-3.411798601136357134e-01 -1.625631575314284011e-02 -6.129191165922627249e-01
-5.497105355963469719e-01 2.358497391953796041e-01 -5.966786095833203074e-01
-1.606084155818224279e-01 -2.671435965904219723e-01 -6.237647460572065539e-01
3.995286325238203151e-01 1.881634845310042881e-01 -6.102226644392619859e-01
-1.760939451987065807e-01 9.328539096146967746e-02 -6.348035326305103698e-01
-7.919681372698425537e-02 -2.962791522269256905e-01 -6.260840426153821969e-01
6.620782561938723387e-02 1.213385762189064521e-01 -6.054941430213274245e-01
2.321914710394601053e-02 5.119795398676175724e-01 -6.030186101262104970e-01
-1.796740923872496287e-01 -3.104447400401279533e-01 -6.252755627116963755e-01
-4.440517182469659874e-01 2.647467348631111217e-01 -5.979766230308442010e-01
-6.248037768925623903e-01 -1.157008103511918545e-01 -6.059614744631980354e-01
1.815017913465058474e-01 8.398977948810490424e-02 -6.086128882767681825e-01
1.162334152475761190e-01 5.329926032788694784e-02 -6.077738072653087187e-01
4.619456910005502459e-02 1.160411106731417952e-01 -6.039697620589238314e-01
3.257922580317968997e-01 -8.032171012689585943e-02 -6.140496776957057312e-01
-3.295902889738450137e-01 -3.543839508923550263e-01 -6.240213703179208204e-01
2.287766509207487253e-01 -1.713704346791659061e-01 -6.163634021888181325e-01
-1.860507133266433855e-01 -2.874946037029207924e-01 -6.235883678776066308e-01
3.719905399023422654e-01 -9.582467435346941897e-02 -6.148665888962786541e-01
3.652297263390019699e-01 -3.862900457182128489e-01 -6.214944927786318907e-01
-1.692236522566102630e-01 -7.796337382471232869e-02 -6.246583884534865350e-01
1.467537991856338597e-01 5.211153397568105694e-01 -6.038577518739720595e-01
7.200150750839032221e-02 6.643329048118709612e-02 -6.059306376857194198e-01
2.719296480026144047e-02 -1.872808723173809420e-01 -6.140772608067969207e-01
3.686072459878517726e-01 4.427465071050295520e-01 -6.135678921148558507e-01
-6.479083173854347510e-01 2.306039816076605464e-01 -5.952390896866623926e-01
4.008559736445176380e-01 3.860905773362630633e-01 -6.074487734111183590e-01
-5.906615718073547905e-01 -2.581418280069680549e-02 -6.038045570798292738e-01
4.580439649865458707e-01 -2.050693281811676039e-01 -6.169690747890443916e-01
-1.529610711821140917e-02 4.561086067229390140e-01 -5.998246383957173133e-01
-4.231404237913259925e-01 -1.408626302615540449e-01 -6.112815210537808630e-01
-2.603841534080600373e-01 -6.389108187312171616e-02 -6.194016022701185342e-01
8.013111569362549313e-02 7.770106279061955723e-02 -6.061313329448447806e-01
-6.761799918338085025e-01 2.235755377524860366e-01 -5.965728930199628577e-01
-5.564341522323685840e-01 2.621648028303270039e-01 -5.963258044877202124e-01
-3.494782172532621134e-01 -1.325105280043962774e-01 -6.127005449054170327e-01
-4.674446480926587877e-01 6.374260950447104002e-02 -6.054575314031300781e-01
1.987064947135183113e-01 1.048869962976335113e-01 -6.081503063141702192e-01
4.745638989207189018e-02 -8.300551590638773070e-02 -6.080631984310373994e-01
-2.187584032215887375e-01 9.320342661523167704e-02 -6.421642938575743420e-01
1.238344385644293000e-01 -1.938204933152964382e-01 -6.146812257686429248e-01
2.333645136950629195e-01 2.230361649849600322e-02 -6.107621101455267265e-01
-4.106778976060884018e-02 2.406851145314362339e-01 -6.007193255632896634e-01
-4.538743257496288264e-01 -2.410687874422677013e-01 -6.160821813787731305e-01
-4.258432785911881457e-01 -1.978846746253998257e-01 -6.137213988691152533e-01
-2.951544848064293625e-01 -1.579681374649207770e-01 -6.160636779967372245e-01
-1.122404923630519529e-03 -1.763955013994863985e-01 -6.154613252817806579e-01
2.622118747535739369e-01 2.633074615206597024e-01 -6.103351403735557401e-01
-3.080173117029254559e-01 1.163946654580683693e-01 -6.319127807814091113e-01
-2.450935509063824624e-01 -3.414677784136624372e-01 -6.241665696051968970e-01
-4.750785212446067551e-01 1.524456754563453531e-01 -6.006206367386321965e-01
3.912624744729735204e-01 -4.013845627516217096e-01 -6.226524131571588017e-01
-1.379449788108526587e-01 3.953717569147580657e-01 -6.017966984807384678e-01
-2.361086311455974085e-01 2.164971598490508797e-02 -6.355501455405555555e-01
2.827017214720995986e-01 4.798035663810760187e-01 -6.049651151758604906e-01
-2.343806532323174374e-01 3.368424334001654530e-01 -5.998255187916942122e-01
-2.318042949082639581e-01 -2.536867754020464272e-01 -6.211123467144654686e-01
1.920125860649891936e-01 -7.917516117272367648e-02 -6.120277802922953203e-01
-4.737221659515278849e-01 -2.585114475961591274e-01 -6.176065734525270079e-01
-5.526998493326620854e-02 -1.916334472364755459e-01 -6.197971444296466181e-01
-1.025270531058757595e-01 -5.329541232806823958e-02 -6.184874174500720745e-01
-6.074278609441368104e-01 -2.772687961777772214e-01 -6.180025426773672059e-01
-6.142050554817891916e-02 4.451161238229016659e-01 -5.997925304071983765e-01
4.153388173584796617e-01 -4.107084390447982569e-01 -6.221475895743459050e-01
4.680442314928867642e-03 -1.011434390987426268e-01 -6.129212162495442096e-01
-5.950171887105495383e-01 2.811725116000136637e-01 -5.956098042668546144e-01
-1.315337191019314844e-01 4.154374190396764033e-01 -6.017088831878848465e-01
-3.704452683941251712e-01 -3.422277540685324526e-01 -6.221818849394005202e-01
-1.216412115400495111e-02 3.738176664695688212e-01 -5.996712111867714690e-01
-6.848372732668812912e-02 -7.055677172480971995e-03 -6.139212966736375954e-01
3.208357957180755782e-01 4.849719312319468734e-01 -6.058679633922117169e-01
3.880522855556526318e-01 7.027925968195358752e-02 -6.117626161503834092e-01
2.392583402748466315e-01 4.077938680998567378e-01 -6.076978219897738454e-01
7.897715980178651729e-02 2.123850352030088040e-01 -6.046868881156599596e-01
4.836860156086428830e-01 -1.804761008831721192e-01 -6.170346219608732197e-01
5.147288128076563662e-01 -7.953346222791835007e-02 -6.162026844194310460e-01
4.579286488086334872e-01 5.114868231762815798e-01 -6.067061361223891058e-01
-6.522353150961081036e-01 -2.467166942853453795e-02 -6.017293672076506894e-01
4.565580232714499531e-01 9.860683110868870282e-02 -6.133412824533315266e-01
-4.710706111494485371e-01 1.659619159709212755e-01 -5.998938343290868280e-01
-2.162533195752500692e-01 2.742413796299389070e-02 -6.380028339293164485e-01
-3.064682534985950779e-01 3.910824358531727052e-01 -5.978591020586023763e-01
-4.519079714666861536e-01 1.337133282025211034e-01 -6.024944679177897111e-01
3.547298297999040839e-01 5.041063657839117695e-01 -6.092562899096392037e-01
-3.648580566278433190e-01 -3.881153555671058158e-02 -6.099878947004214735e-01
6.982604071279129021e-02 3.779175446669098548e-01 -6.036368058942400694e-01
5.902600076171249377e-01 -2.307945852102499251e-01 -6.159226768085264148e-01
-3.890077383402615330e-01 1.282529386868339616e-01 -6.098470693594948422e-01
-4.652904762716976172e-01 2.380542132163081526e-01 -5.976873201278189995e-01
4.077678014309034649e-01 -1.733293547856262426e-02 -6.133894052997076463e-01
-1.793779097019244650e-01 3.719062361791692362e-01 -6.010095517917058983e-01
4.593547478766444869e-01 1.517905239352494995e-01 -6.081225404094148246e-01
5.738699661065864710e-01 8.585956330982286167e-02 -6.139605612841761983e-01
-3.427747969603977402e-02 4.673920844477965630e-01 -5.999281292283465961e-01
-1.659416801241076767e-01 3.720395286760246889e-01 -6.018042225653836841e-01
-1.059411161832369275e-01 -9.490962437906610982e-02 -6.191784303052244587e-01
2.119469040095886547e-01 1.390610481489022998e-01 -6.084771702367181012e-01
4.895050392341606105e-01 -1.966583162198874968e-01 -6.166861423137566245e-01
5.184775412434108333e-01 5.506231918774059375e-01 -6.064041710235175131e-01
6.402230019759524993e-01 -1.653061901504218334e-01 -6.161202687575881853e-01
3.466591998791517804e-01 1.061777795042283257e-01 -6.100393995422639382e-01
1.450259329058811025e-02 -3.923152328142400641e-02 -6.098194987297189673e-01
-5.604379789491549246e-01 3.330619044135902929e-01 -5.939080112618387863e-01
-3.370379926452006236e-01 1.921885813831914480e-01 -6.059524950932643206e-01
4.562214545692599987e-01 -1.412067372414718691e-01 -6.167217619997642508e-01
2.230494315579902298e-01 3.463559457594982960e-01 -6.079967647973383293e-01
-2.446612737736265919e-01 1.787058395527758581e-01 -6.231005524447960076e-01
1.547261470988029741e-01 1.993577033394836884e-01 -6.077764602752248058e-01
2.526629671344879924e-01 -2.937410156643001646e-01 -6.180790271918426004e-01
4.677905378687107207e-01 2.387552780685851458e-02 -6.141469810926984962e-01
-6.276232786170539146e-01 -3.205671035295067361e-01 -6.179298450984833657e-01
2.054412052131306954e-01 1.976393383837796169e-01 -6.086195528531956889e-01
-5.009010186823896760e-01 -1.743365698632006744e-01 -6.117504197653829134e-01
5.114967389689853983e-01 -4.450486888677903097e-01 -6.249349119108418282e-01
6.152797382223084144e-01 -1.526919934850742566e-01 -6.144720500075528946e-01
-2.540625153651435153e-01 -2.496470838357447292e-02 -6.228230488524648667e-01
-2.647561605795845652e-01 -3.512423507452956395e-01 -6.239539180095379223e-01
-6.313543318439803764e-01 4.210020738676575718e-03 -6.023012949851693776e-01
7.459000979187534186e-02 -3.080341193254927390e-01 -6.161130978001806424e-01
-2.703534904576041509e-01 9.600335102634645346e-02 -6.395085727199357750e-01
-2.678799101334316535e-01 2.423948448092380636e-01 -6.004736142750450867e-01
-1.209125597319296586e-01 -3.831870886093482476e-01 -6.327119079699037307e-01
3.580448838417139013e-01 -2.889962088828053055e-01 -6.176493304827082031e-01
2.293950751759693887e-02 -2.408441250361681163e-01 -6.163935439551305739e-01
1.053610949432475519e-01 -8.601232729764704543e-02 -6.113159359844533292e-01
-9.106966231383826355e-03 -3.646751472071619871e-01 -6.284621124043633378e-01
-5.121763222581326991e-01 3.059688788763460510e-01 -5.957389037050755398e-01
1.624190546739772145e-01 -1.836265522888610446e-01 -6.156554660296387205e-01
2.368514035484516611e-01 -1.102560412693700392e-01 -6.139869077449077173e-01
2.810357904511951443e-01 3.457920409359089842e-01 -6.083038215673421956e-01
4.384068984771888333e-01 2.787228776647774353e-01 -6.063735460744319461e-01
4.809621047263904492e-01 -1.288617744273273802e-02 -6.153746393904154788e-01
-4.818382725175920367e-01 -3.333267458630911895e-01 -6.207798787641007898e-01
5.498571515966502871e-03 3.448287375839601543e-01 -6.012145129573744917e-01
-5.504221053244873207e-02 3.162277818193075518e-01 -5.996552488486813770e-01
5.194460582753527289e-01 5.919546201040565281e-01 -6.044397515315107494e-01
-1.639996037151242314e-01 3.556164928383110518e-02 -6.332951928862585733e-01
1.978369583169890256e-01 4.020380513922176546e-01 -6.067263409236557381e-01
-2.338085298515363980e-02 1.052394709004403628e-01 -6.056801692958322381e-01
-1.490603420396837686e-01 -1.148570421004877357e-01 -6.228056390701232070e-01
4.135555969714270752e-01 3.335626755976678903e-01 -6.069715227300404026e-01
-1.793795433548693585e-01 2.204029601747777706e-02 -6.350714973721054424e-01
-1.916854211653966356e-01 5.736859607006306733e-02 -6.382126660912014193e-01
-2.528986923671725298e-02 5.706086389572179174e-02 -6.076184841787053426e-01
6.666034798586906174e-01 -4.586653171221694580e-01 -6.218034514304580096e-01
2.186403936314545160e-01 2.790513543094422233e-01 -6.095538549280569152e-01
4.094096034860988942e-01 -2.946658161532847431e-01 -6.174198302479296796e-01
4.241279381364751466e-01 1.706133231614067880e-01 -6.098137430988443963e-01
4.890215747114931011e-01 3.614373904075333654e-01 -6.076091839131391170e-01
4.796088964259624943e-01 5.698927175010464197e-01 -6.062272227731909657e-01
5.355994485276611705e-01 5.847924536809991913e-01 -6.039539118847747634e-01
-6.681727060157744980e-01 -3.255415788141967273e-03 -6.041078953298755216e-01
3.975644750132332761e-01 -4.122120587845701234e-02 -6.137493784791963058e-01
-6.294345350251753235e-01 -3.943387467224074294e-02 -6.034250678959491854e-01
-1.627287599067129831e-01 -1.248126954959809520e-01 -6.222571103630947231e-01
2.823381564384916387e-01 4.379740466833208917e-02 -6.098479981400124483e-01
-1.707746082039028057e-01 6.663345641244887430e-02 -6.345509936443577415e-01
-4.900722021502039727e-01 2.638138110089627841e-01 -5.960279166824719033e-01
9.556500087616441597e-02 7.454646073234719172e-02 -6.063996929350577991e-01
3.461013972637320690e-01 -2.731713300754865514e-01 -6.178882421572713390e-01
-3.183912910460018897e-01 -3.323144240464646626e-01 -6.216610460337972377e-01
4.729702890323383979e-01 -2.059663620705120268e-01 -6.171245538059019209e-01
5.414833919701116383e-01 4.864097785376977900e-02 -6.140262154952788043e-01
6.141540197124546463e-01 -3.661266977651280730e-01 -6.213217744842163270e-01
6.257812379175682338e-01 -3.394193696991818499e-01 -6.192020545751099059e-01
3.889882471913593265e-01 2.098466385125356305e-03 -6.125849719972967788e-01
-3.833891129378799723e-01 1.747271659605247399e-02 -6.102853763089430839e-01
3.082792473610413975e-01 2.630574588782897405e-01 -6.097577132105527209e-01
4.018761658906755407e-01 -1.635785449889909926e-01 -6.161988718101786278e-01
-6.323059791830837328e-02 4.398346368301278564e-01 -5.999644977246947342e-01
3.453598940842227405e-01 -3.542759789987579705e-02 -6.138383406563883149e-01
3.716372921488979297e-02 -1.895189910816360845e-01 -6.138430161519710104e-01
3.621912875393124565e-01 3.185666903446647547e-02 -6.122322600224663347e-01
5.510085202933399096e-01 1.176940636224109160e-01 -6.138080248844575149e-01
-4.274635448209283817e-02 2.274108977163372403e-01 -6.011325242469385266e-01
6.709525353320904273e-01 -4.410233065074258274e-01 -6.209150947247856767e-01
-5.371800030094566747e-01 1.764824572553543580e-01 -5.980068399484388397e-01
5.519614377605929628e-02 -3.478731832194797979e-01 -6.211456756801583268e-01
-1.146780575501547966e-01 2.594915517580755338e-01 -6.035802766339278813e-01
4.128264676163859725e-01 1.215678888619452502e-01 -6.118194611548024575e-01
6.289878912668515065e-01 -2.521906132550101876e-01 -6.150694593413594813e-01
2.738036807315673629e-02 2.976917171050128541e-01 -6.027940566182549142e-01
-3.384239006760597079e-01 1.570288870395024627e-01 -6.205221745990276982e-01
2.707392624010439564e-01 1.391763389524547923e-01 -6.097595587174085008e-01
-5.848945926971824694e-01 2.657325593503273575e-01 -5.957360822318895632e-01
5.548000378429500667e-01 -5.397546694168091352e-02 -6.157331203495086669e-01
1.033648577424147452e-01 5.516787491535916563e-03 -6.082048733204516999e-01
-1.266458627026927353e-01 1.076552045654991518e-01 -6.149770483711461955e-01
3.266465367323762026e-01 -4.168255640443097043e-01 -6.242718328538103822e-01
-9.438417779614889647e-02 -1.094610115671472983e-01 -6.186062863431089909e-01
-3.284038306392044748e-01 -6.231094882104670774e-02 -6.121899111357018697e-01
5.771800674873181491e-02 2.065148800500722914e-01 -6.037931409894725654e-01
-2.237691274855805323e-01 -3.192622046329409158e-01 -6.240275502285985709e-01
1.246535453515632969e-01 2.912246771805978574e-01 -6.058322335285311055e-01
1.753209424607623523e-01 -4.423290789942318363e-02 -6.108269101211341034e-01
1.657983741798337296e-01 2.341435645169356872e-01 -6.079039429388379823e-01
-2.837985317216051850e-01 -1.211006365605938051e-01 -6.161213729215505586e-01
-7.249677828197520491e-02 1.468537773284370462e-01 -6.075850569136524992e-01
-1.240425500639070755e-01 -9.514554224826486661e-02 -6.224783506464873772e-01
5.716117352332259621e-02 -2.050888974228551043e-01 -6.137428532431388195e-01
-1.249992226230099701e-01 2.109648848572558411e-01 -6.072919748297305187e-01
-4.676390759611895875e-01 2.605199514221676615e-01 -5.972234272339103089e-01
4.062641660113260889e-01 1.380309962043599625e-01 -6.108867421346908522e-01
4.866997728497245990e-01 -1.287757136933190827e-01 -6.162005399591673482e-01
1.421188542682173539e-01 -6.143833695189471894e-02 -6.117128920956885763e-01
8.767758287655494365e-02 2.696152449009640018e-01 -6.041066127515650752e-01
-6.924947374982908244e-01 2.333070540737731957e-01 -5.901174065887824227e-01
-4.432121486807213961e-01 2.604750827920585543e-01 -5.982974796076668822e-01
-3.187507922234495972e-01 4.167775478278872847e-01 -5.974749058405310898e-01
5.473841824160163849e-01 3.860928620735850636e-01 -6.081895353749060540e-01
3.709062426719371142e-01 4.399471060009264023e-01 -6.087699456930000252e-01
3.206420809712282605e-01 1.406102543425920559e-01 -6.101920202754205214e-01
-6.033218337948946797e-01 -1.826647810093040003e-01 -6.097343276498322640e-01
-4.551476396662582635e-01 -3.293165275857037888e-01 -6.213347219338876126e-01
2.763742964441710526e-01 2.247691753641002099e-01 -6.098143655927498186e-01
-4.387373690932371284e-01 1.861357455974297914e-01 -6.000333168523761529e-01
5.599137199695309874e-01 1.343801112416565663e-02 -6.142877633648698987e-01
2.905762348670555273e-01 -3.910170733825795719e-01 -6.221671480272437105e-01
4.357364221550292238e-01 4.827481203896612227e-02 -6.139989781041876871e-01
-4.323937357008250659e-01 3.077282512136690906e-01 -5.971567989472943427e-01
2.290851161098250710e-01 4.211433402756813993e-01 -6.073733890010453162e-01
-1.295964188110295956e-01 1.709212446647513928e-01 -6.103878468553411984e-01
-3.969006016423029526e-01 -1.842577355037793296e-01 -6.141435603858260706e-01
-2.377865671190528829e-01 3.541195119833728255e-01 -5.998650070956668134e-01
2.605298795851038185e-02 9.986967316396029581e-02 -6.031574223977586025e-01
-6.146631797981505496e-01 -6.955415136627408901e-02 -6.044492709781484896e-01
4.829830301144671933e-02 3.717436698163299486e-03 -6.057788883385515355e-01
-9.903678533782762916e-02 4.093046155382481510e-01 -5.999374753869730625e-01
6.219701155768372347e-01 -3.024255605611355091e-01 -6.166435589198449030e-01
3.768960987585614486e-01 1.650768659910525210e-02 -6.121668993166108352e-01
-2.552191103353726453e-02 2.605812181944278105e-01 -6.005581603071096231e-01
-4.649092671947006594e-01 -3.341296275433328633e-01 -6.207853063599528820e-01
2.709314457518828545e-02 4.963600719212494239e-01 -6.018212404645467695e-01
5.431827025138753484e-01 -3.527914911787428665e-01 -6.201491701828967251e-01
4.046962406947592350e-01 -1.198398091783276082e-01 -6.161826972250032952e-01
7.231443844811877297e-02 -4.643493917945355764e-02 -6.086625143075949929e-01
-2.535578973473548992e-01 2.115564441905049831e-01 -6.040210307238864651e-01
3.190682233684405955e-01 1.517603608864312170e-01 -6.099521406595375117e-01
-2.084609759280672825e-01 1.957296611271646183e-02 -6.368037875440830664e-01
-1.198454270158209878e-01 -2.009915985199974275e-01 -6.226554898663725357e-01
4.396100890030018027e-01 3.227444837959737023e-01 -6.066762604192801334e-01
4.399929155053391439e-01 -4.845650797759917111e-02 -6.151467971731771067e-01
4.472368960051255060e-01 -4.461644239879780649e-01 -6.246551700696387766e-01
-3.091079798444135718e-01 9.697378292847089187e-02 -6.319059631665129295e-01
-1.978547384186030156e-01 4.030487960025454508e-01 -6.014212562417957653e-01
-6.366288821319859847e-01 2.997927361331091389e-01 -5.928898536608232517e-01
2.183254290542029352e-01 7.114884062679993626e-02 -6.088999371853275333e-01
4.694163839816435368e-01 -4.313384892548255967e-01 -6.228370706965149495e-01
3.046025902530773988e-01 4.715111865215158571e-01 -6.060538954127850930e-01
5.934512895250207976e-01 1.317232393889841979e-01 -6.143445299968935958e-01
1.527850934787668979e-01 3.865686827117317814e-02 -6.099580663169785755e-01
-3.805175736765654126e-01 -2.944267637359890832e-01 -6.199368395513268348e-01
-6.695408070186061877e-01 2.321624253788121539e-01 -5.912864591994432262e-01
-2.893141402656590477e-01 -7.595747699669347375e-02 -6.161788562391364854e-01
-8.777298021481794860e-03 -3.250556470827479782e-01 -6.249554344841209419e-01
3.632498414308656942e-01 -2.976683168034465754e-01 -6.178574558505350867e-01
-5.099938711170113326e-01 -1.662169442692532084e-01 -6.113051825351125679e-01
-4.978821594523226701e-01 -3.414579258694956931e-01 -6.207891556462210580e-01
6.545838198856073209e-01 -2.189946571275659670e-01 -6.137578707256330368e-01
1.253177087150022517e-01 -1.626119044485572762e-01 -6.138609006914014232e-01
-1.974254661412367939e-01 1.439606076868102380e-01 -6.272094692125663729e-01
4.301670908762171841e-01 -1.468258362427870001e-01 -6.164389765079397732e-01
1.714062765051404535e-01 -2.945124035407844509e-01 -6.169185559964754928e-01
2.557671040998839573e-01 -1.296455414642714576e-01 -6.153384949357355582e-01
-2.043696670510805058e-01 -2.382946448036091791e-01 -6.204009781163826176e-01
2.260122096914329304e-01 -7.156242661300998495e-03 -6.117397488974344322e-01
-9.434350954976301884e-02 1.650330352787993393e-01 -6.081032839941856727e-01
1.686169761112958909e-01 -3.332098116801889831e-01 -6.181643547582361675e-01
4.195667230705514839e-01 -1.833426854085311863e-01 -6.163748725242668147e-01
3.554674671729678437e-01 1.518568777704471795e-01 -6.104287453781146455e-01
2.333561892297213516e-02 -3.567324441839119231e-01 -6.261343465582575041e-01
-1.423065303797648729e-01 -3.027095840563951978e-01 -6.263324783648553939e-01
1.595846906592819636e-01 -2.794650414531985039e-01 -6.167111226372903321e-01
-2.684639010599337849e-01 -3.161228413103074342e-01 -6.220312309654740801e-01
4.937350892823806348e-01 3.218701479058062170e-02 -6.141989342633241700e-01
3.327774633149267469e-01 4.867328935450510041e-01 -6.066387723082742323e-01
-1.640227400258811308e-01 2.624916998729033280e-01 -6.021357332555008490e-01
1.127003699059774336e-02 -3.436950889723489055e-02 -6.097118000893985146e-01
1.441443425647707943e-01 -2.849941725947713889e-01 -6.171601513807072337e-01
3.322520908070446533e-01 -9.047038560874914870e-02 -6.143654900978829936e-01
-1.699549598594301547e-01 -5.142591255739125539e-02 -6.268529716529191997e-01
-9.114837273940731843e-02 -1.971773711759652326e-01 -6.218032516879304916e-01
5.400745400364486137e-01 -4.147929158754886658e-01 -6.238927538872114376e-01
5.411029327756537999e-01 -6.538539215976628405e-02 -6.158942593269212118e-01
-3.770746389331805504e-01 -2.347004978385242718e-02 -6.095907590648124152e-01
-1.823005296344026305e-01 1.326329077419981239e-01 -6.266510102495629342e-01
-1.627508015975644429e-01 7.071140050464645721e-02 -6.320718793227673160e-01
-5.478768401511255881e-01 -1.060432862363386713e-01 -6.070958038507295873e-01
6.075321315175359338e-01 4.806409850507540465e-02 -6.131709731475151193e-01
-3.358844418638703422e-01 -1.985855255528124474e-01 -6.161334539733122062e-01
-2.672553189998227996e-01 9.226891015680604990e-02 -6.400036212378071854e-01
5.987435563483232137e-01 -3.743196432537694573e-02 -6.145567615872278289e-01
4.777776020183552852e-01 4.258503045914124874e-01 -6.081953305606423443e-01
6.131275382396124130e-01 -4.046763862344270879e-01 -6.233852865915996411e-01
-6.223826404961059211e-01 -8.739775836944191356e-02 -6.048368558725318866e-01
-2.110843262390873776e-01 4.249483368304493580e-01 -6.024389519051107644e-01
-4.720942519163336959e-01 -2.049032572506782057e-01 -6.136437664110230283e-01
4.680849300819562853e-01 -2.423040497077476041e-01 -6.177491794945686454e-01
4.716308457705988832e-01 3.297287974100541752e-01 -6.079956992745443323e-01
6.161047930128202843e-01 -4.395309468018911425e-01 -6.231714268330701412e-01
-2.153326411514193128e-01 3.360106447542910990e-01 -5.997689830908023989e-01
-1.901632242809780660e-01 1.073983660721721245e-01 -6.345169843791070852e-01
-4.481548664492266409e-01 1.745690696129310326e-01 -6.007792535481203400e-01
5.350804100373043326e-01 8.863719237059096423e-02 -6.134596958074653994e-01
-1.611998828450985910e-01 -2.789208280386912264e-01 -6.241932717403182451e-01
-4.328173819091646335e-01 -8.306077416467189112e-02 -6.076130511893049757e-01
1.775719518627891236e-02 8.139191533346844254e-02 -6.035773236233208383e-01
5.955200745400928142e-01 -1.980509019176854013e-01 -6.155913296199835294e-01
9.840205050148552457e-02 2.085979877800320792e-01 -6.057491348465359193e-01
4.802217563873433237e-01 -1.405361820325467803e-01 -6.164805668761985658e-01
-1.986183781106576063e-01 3.554115830201687309e-01 -5.997383178372803769e-01
-6.251255543056799535e-02 4.697513102148470621e-03 -6.131275114902822176e-01
4.892147011702797921e-02 5.132612861295133833e-01 -6.029926270301343427e-01
3.732370716240739350e-01 2.653780298705831209e-01 -6.083202993167350359e-01
-3.687541895922964441e-01 8.559885955133114677e-02 -6.137198541013220154e-01
5.004313622207553491e-01 2.085085904812272461e-01 -6.074813100354764517e-01
-5.030093503133552524e-01 -2.760849956390477589e-01 -6.177421848815274341e-01
6.000498219580421289e-01 1.129531855724539430e-01 -6.158199502712264906e-01
-5.895421154553889265e-01 5.668652094347975678e-02 -6.022983658553047182e-01
5.540867953508853833e-02 -3.258246732286269043e-01 -6.207616446573036573e-01
-4.829841248324741598e-01 -2.152620768149757779e-01 -6.137729179410800207e-01
2.595353607207998015e-01 2.332076932657198565e-01 -6.101690847834609910e-01
-3.193243615476510366e-01 1.414376471427967741e-01 -6.279885434780076992e-01
1.273679367367182569e-01 8.156481361021145071e-02 -6.077942958463646850e-01
-6.016370475128726136e-01 3.350098594181176725e-01 -5.917403876352727021e-01
6.144389790468762769e-01 -9.173028806606149665e-02 -6.160643833012138249e-01
4.579183980937918119e-01 5.421821641164135119e-01 -6.057191491620032009e-01
-2.021710149781978383e-01 -2.226500218460721742e-02 -6.299068304812702745e-01
-9.719384155202182018e-02 -4.582209170835863099e-02 -6.182156226963937407e-01
-2.649591194246541659e-01 -3.291279390659035409e-01 -6.225246360177736360e-01
3.808146406579801524e-01 -7.677831221906817119e-03 -6.132240285258454549e-01
-5.828068872957916646e-01 1.872600480485631935e-01 -5.979806562142123694e-01
2.772860738063517294e-01 4.265070232405251960e-02 -6.097952056080118144e-01
5.647872105122881958e-01 -1.706594310408001414e-01 -6.160286280815577831e-01
-5.769949540599942361e-01 -3.115293760728127248e-01 -6.180205964942201424e-01
4.957034155045038082e-01 -4.441613492119534934e-01 -6.249383657678255766e-01
-5.050777251098781395e-01 1.479201903664628115e-01 -5.999409825303901878e-01
-2.442469347228841681e-01 -1.476799055766165325e-01 -6.182315850407377189e-01
2.740980767882201796e-01 -4.099563335334576591e-02 -6.125585810819005328e-01
-5.340794027436315261e-01 -2.669947285435041451e-01 -6.164134090588695436e-01
4.791637901100210817e-01 -2.430645267885436223e-01 -6.177646052550601619e-01
-6.690021524132160335e-01 2.155681267261407852e-01 -5.950353284563141276e-01
-1.109389545848541575e-01 3.978223665418961774e-01 -6.011793165457568477e-01
-2.032013896857627344e-01 -2.354961832513902953e-01 -6.203359569421915687e-01
-8.638562680179054376e-02 1.627290305834742240e-02 -6.151685856576865064e-01
-3.364462736585628888e-01 1.115322659290425428e-01 -6.260018925946746471e-01
-4.452722552624092944e-02 -3.008250272409491721e-01 -6.246613131641467476e-01
1.997127993727062512e-01 -1.847926897817612768e-01 -6.158530849454968426e-01
3.094243680268050078e-01 -2.565496081114732041e-01 -6.181350832372556336e-01
-2.097986212666625994e-01 -3.291814698123930460e-01 -6.242442491093836976e-01
-1.340250758700962108e-01 -1.720040922362464086e-01 -6.221323691075171247e-01
-3.352822580775417505e-01 -2.224471758164241475e-01 -6.168899478005446246e-01
-1.681667950184749516e-01 1.045930893991794952e-01 -6.312262336453081657e-01
5.427408788046313159e-02 5.025157028006828064e-01 -6.019239618395294533e-01
-2.343907723212829142e-01 -1.117226395851526888e-01 -6.200650482392487950e-01
-1.070824669398531548e-01 -2.140898207841917048e-02 -6.185812700462499647e-01
1.105215250052845877e-01 5.347856873436823699e-01 -6.019807649606114808e-01
-1.772376263779317229e-01 -2.915312708531490049e-01 -6.242703751327416395e-01
4.968737446559959997e-03 3.664373349698682447e-01 -6.006064202497646276e-01
-1.939463463659650833e-01 -6.029316777580914777e-02 -6.259826713298254353e-01
-2.909343238354409333e-01 6.789192021348054717e-02 -6.370690659898513575e-01
-4.036124423655501614e-02 1.846816491398428073e-01 -6.027004747433026832e-01
2.473502164711077200e-01 -5.782871341620174355e-02 -6.135465444169327931e-01
-2.331392325255904896e-01 -3.670313102619619516e-01 -6.264416084385533434e-01
3.343262038280896409e-01 -1.684682939061157292e-01 -6.162622105101150938e-01
-3.277573210818361393e-01 2.313897446744180020e-01 -5.998749597776383835e-01
1.801103010543055882e-01 2.840578814006951003e-01 -6.077562163669565365e-01
4.524480660878711369e-01 5.637491875476333680e-01 -6.060165610832766170e-01
-1.511692431066720688e-01 1.920819507534560766e-01 -6.098716924502783909e-01
4.004320761965971531e-01 3.432752742486766540e-01 -6.076104492819804914e-01
-1.309357772298464784e-01 2.106850878448024156e-01 -6.078006793140871000e-01
5.213981677705203932e-01 2.035999375193175698e-01 -6.075913654542535181e-01
5.712478857283853628e-01 -3.967918038386670787e-01 -6.220901167285026734e-01
5.264134785385934379e-01 1.857416330111628933e-01 -6.082699777272588815e-01
-3.365440731156187915e-01 -1.303628057538417373e-01 -6.129000227740399875e-01
-5.606071631952543877e-01 1.362430434683555569e-01 -6.007041365368912533e-01
6.469240052583588030e-01 -1.285516084152902028e-01 -6.144662407333456589e-01
-5.408438919064921802e-01 -2.699293129464047647e-01 -6.168150904964186942e-01
2.622402192612925953e-01 4.503918207307595623e-01 -6.066372347440360802e-01
5.746196215856272937e-01 -3.671492395902891115e-01 -6.203104757329789276e-01
2.317570344604626825e-02 -4.316482828301300423e-02 -6.097400409103467256e-01
-5.888901161361014269e-01 1.445159356043934362e-01 -6.003066680988504711e-01
1.582636441488499690e-01 2.255527212692858274e-01 -6.082201008163158340e-01
-1.695099094256428129e-01 -3.586601370508413211e-01 -6.285153592228518438e-01
1.056872533100279010e-01 -1.876780376473372036e-01 -6.138324038225279056e-01
-5.851060718427378848e-01 -2.718180427488087747e-01 -6.162005976485326331e-01
-3.192988399364308783e-01 -3.507653916536861982e-01 -6.237639773921503927e-01
-6.412941875191638386e-02 -1.115672210007013498e-01 -6.162918615871590955e-01
-2.073341101428159416e-01 1.138803924444804078e-01 -6.384487236500778762e-01
5.454288280259947941e-01 -2.834031584494945410e-01 -6.174560419634744779e-01
-1.222130551219105798e-01 2.651774861491711932e-01 -6.036236752976458231e-01
3.545438347929937700e-02 -3.403543071224138239e-01 -6.244078783099659136e-01
-1.226160296633326541e-01 -9.159793720650319382e-02 -6.220754975442331913e-01
-3.462465239345465240e-01 1.684791048801080326e-01 -6.154455455973211198e-01
-4.139804941279953687e-01 1.382873480115070497e-01 -6.052512785844941234e-01
4.186522369482630346e-01 4.793476228142703466e-01 -6.058558391487406380e-01
4.036471037074145229e-01 -1.134666379077685083e-01 -6.157962704049257940e-01
-1.529951796424016408e-01 1.805742892476433492e-01 -6.105087067269898693e-01
5.668920066323428486e-01 1.043989553774787860e-01 -6.131324510206624945e-01
3.491571741955110664e-01 5.914535246552982128e-01 -6.072957586523534124e-01
2.065373873932518922e-01 -2.596072252876745479e-01 -6.177042921323162572e-01
2.206656824430289210e-01 -2.615110595429362417e-01 -6.177974564981513206e-01
-1.996159692763289362e-01 -3.235989100546771136e-01 -6.243858576448769737e-01
5.036769755376933055e-01 1.179271053271612330e-01 -6.108463853967101009e-01
-2.631802040202593229e-01 2.533373702048935527e-01 -5.997853756928828162e-01
1.225554413857914970e-01 4.226304348543148959e-01 -6.052650297370283372e-01
4.529062631362018587e-01 1.101450730456732946e-02 -6.139889132329559018e-01
2.940512299216327397e-01 8.264792366838772872e-03 -6.117714967170485574e-01
6.312831479706616511e-01 -3.504551417598125163e-01 -6.197331199221235432e-01
2.604508396212499299e-01 3.705514400995689184e-01 -6.093496102741469134e-01
5.669752126941576265e-01 3.822126502864926501e-01 -6.074854616852158884e-01
-5.500282707820919326e-01 -2.588276832628902957e-01 -6.160169882397810159e-01
3.179647464924780786e-01 3.131337053169117035e-01 -6.095526061546218122e-01
-4.951813335747797806e-01 -3.263123270966165057e-01 -6.200481445793732949e-01
5.260919307765137276e-01 3.950160833667508142e-01 -6.083335224326164026e-01
3.874601215899082796e-01 1.929791918860924715e-01 -6.086039524643926946e-01
6.058985556129388161e-01 -2.483538828151370462e-02 -6.153658819886287379e-01
4.883545686546160169e-01 1.959895206059117934e-01 -6.080739212576738995e-01
-3.149972355710408678e-01 -7.833546516594255826e-02 -6.136915845013108939e-01
-5.632137608024349040e-01 -2.000790357346368398e-01 -6.109980790770717096e-01
-5.513400822471777735e-02 2.476463910716415751e-01 -6.014530347702701230e-01
5.956456487657819654e-01 -3.375361280506573580e-01 -6.192622088663343183e-01
5.052916470720720810e-01 4.094269348544763432e-01 -6.100212793257950850e-01
5.953305353844151604e-01 1.831088351411143123e-01 -6.141791426352277705e-01
5.263908542584829764e-01 5.194622620137249180e-01 -6.077796049274434287e-01
-2.772332744762672219e-01 3.193192278244073590e-01 -5.980415057755064101e-01
-3.814605105931450080e-01 1.067174823478489118e-02 -6.101158843145011446e-01
5.752022368347360359e-01 3.067750121781880890e-01 -6.088556009346627329e-01
-4.229986515010357162e-01 1.541710454717170886e-01 -6.036032429636667418e-01
1.489404948910617865e-01 1.113839844769575760e-01 -6.079913399405144636e-01
2.856839420770175275e-01 -1.854386727045519156e-01 -6.163296261710493607e-01
5.827303525585877386e-01 -2.720999359898285119e-01 -6.168653140500351961e-01
-2.020441540123167345e-01 -9.232553089140856095e-02 -6.224424687808807199e-01
1.511649265993103286e-01 1.527713828482617775e-01 -6.078858039068816277e-01
-6.501201117526396178e-01 -2.624689846523824976e-01 -6.201605982859854649e-01
3.328469889166838502e-01 4.068189614464899351e-01 -6.068614471392128618e-01
-5.376211320394863602e-01 9.369839797083043265e-02 -6.023156985762806448e-01
5.697596180262205490e-01 2.785255441525219533e-01 -6.073286056493027996e-01
-4.960406177506474501e-01 -3.258654295468744744e-01 -6.199663940690848252e-01
-1.242183391931220154e-01 3.626191265482846537e-01 -6.009447032874386529e-01
5.194417993037628856e-01 2.308960097320300886e-01 -6.075711117199973366e-01
1.187951563071696914e-01 9.628212203238198374e-02 -6.075130314295014156e-01
2.517776939435860672e-01 3.555625917202107633e-01 -6.098244981155632738e-01
-1.095593146165449311e-01 4.462056168796043609e-01 -6.018644435042577179e-01
-3.963514056113248141e-01 2.598786486400672113e-01 -5.984655274647328049e-01
-1.543063889837136271e-01 4.836665359389297897e-02 -6.298492801658749363e-01
-1.741748067915890874e-01 3.870931828397822794e-01 -6.018812903340999831e-01
-4.650197631608820603e-01 -4.315830613197330079e-02 -6.060844119493472570e-01
-6.666237032576820543e-01 8.249729591088830749e-02 -6.008007701759502384e-01
4.226131805302509314e-01 -5.814081846596110686e-02 -6.147528838448410582e-01
-1.038658371842718503e-01 -3.068461427854712320e-01 -6.273264520105570341e-01
2.237050416720162971e-01 4.840795695672641674e-01 -6.056149850342484875e-01
-4.485702360487399676e-01 7.635943431749631083e-02 -6.056660762251901975e-01
-5.892221444328945568e-01 2.067526882657068910e-01 -5.977878427418770180e-01
