-4.145199496599984990e-01 4.494567894884116122e-02 -6.087690501347263750e-01
6.950587879191552076e-01 -4.410208668225680251e-01 -6.229274715419088615e-01
5.079845505172704279e-01 6.351234185056604531e-01 -5.981295807797697428e-01
2.421323801245859053e-01 3.398795610108935883e-02 -6.105134451618396962e-01
-7.897247834594943450e-02 4.853173393326600249e-01 -6.014864982111685077e-01
-9.261121144484456280e-02 -4.010173642493258250e-01 -6.315034296573115435e-01
-6.393813203993570227e-01 -3.411981220654006774e-01 -6.294458165966891894e-01
5.936382526245775892e-01 2.374170211389244889e-01 -6.098114732757398126e-01
3.042778401765338647e-01 -3.599741774264669791e-01 -6.201123397793084635e-01
-6.926328018042002821e-01 3.176627500336649534e-01 -5.903916766114003511e-01
5.622727783905432375e-01 -1.136400979342165052e-01 -6.163486627365688530e-01
2.589653125454159932e-01 3.860301144922144712e-01 -6.080534523651750511e-01
-8.440061531713746734e-02 1.419339434429982005e-01 -6.089450198587414986e-01
-3.750283847223873646e-01 3.625477277477839877e-01 -5.958711226144260964e-01
-3.525223491990585600e-01 -2.497311612758545407e-01 -6.180272551943568615e-01
3.847246847660536293e-03 -1.313266564169681960e-01 -6.128473024683178672e-01
-6.718248192495481774e-01 -6.349060359656204244e-02 -6.087583786864600999e-01
-2.151620154900831805e-01 -6.535980968219354259e-02 -6.241088119572224535e-01
5.347727911396771977e-02 3.115132096544417917e-01 -6.030114044072517610e-01
3.786011354894229242e-01 2.039290223248485245e-01 -6.083528310463246491e-01
4.739215458041211582e-01 4.195355801045437816e-01 -6.076769114288542717e-01
3.507918404930615019e-01 -1.508913900201098723e-01 -6.162306124370203753e-01
5.157228171062908650e-01 -3.227140492885648415e-01 -6.193329930175417442e-01
9.944303292447802256e-02 -3.181422568586780852e-01 -6.163220237850407512e-01
3.063077813051843790e-01 5.881066851843328447e-01 -6.090787394848975467e-01
-6.023008257947954913e-01 1.311887706281500976e-01 -6.000920579396684662e-01
1.157777640957503990e-01 5.290536975792552443e-01 -6.018154398447718156e-01
-2.776987647452889840e-01 1.896867458223528702e-01 -6.117841892143695004e-01
4.306212616952341254e-01 2.187206965389211499e-02 -6.139540369152197696e-01
-5.306767898850185405e-01 -1.879808832827374321e-01 -6.104205049277140471e-01
-1.458808596848461259e-01 3.156576230860812515e-01 -6.011957933065016357e-01
6.205859040937172777e-01 5.821336679548222426e-02 -6.130108350252211347e-01
-1.730825155668879456e-01 -2.401253207675872747e-01 -6.216672397517428728e-01
6.244492894539811767e-02 3.843639835421349543e-02 -6.060481678101029557e-01
1.999317629495421245e-01 2.083838732406940730e-01 -6.091465371257119843e-01
1.763264782511251294e-01 -1.582905159022642838e-01 -6.142374756287639626e-01
-5.257613913822865026e-01 2.830636866886762637e-01 -5.960821103781144270e-01
-4.761421214126305701e-01 -3.575625696452990887e-01 -6.216314271835029492e-01
-2.554318968849204063e-01 -3.811976770502470968e-01 -6.261216084997240916e-01
6.593245872780673089e-01 -2.454216987119624549e-01 -6.129563704372223976e-01
-2.383883676168067622e-01 4.454184096350856659e-01 -6.012976888644089302e-01
-3.642978298551485805e-01 -9.824771397630163716e-02 -6.109303305647013627e-01
4.285648213893175074e-01 -4.447207788799277806e-01 -6.248129009257895605e-01
-7.905457270423714433e-02 -6.527993385770003779e-03 -6.152403360338126737e-01
-5.289371088789713848e-01 -4.372018635297485190e-02 -6.059325411429021813e-01
-4.201851880880246859e-01 1.877850189059113162e-01 -6.013898977305676130e-01
-3.437008047420994639e-02 -2.711092647006876355e-01 -6.221460193576134889e-01
-2.049923789528722284e-01 7.343947453899779543e-02 -6.401555322095777711e-01
6.698891738794225670e-02 1.750733050706961003e-01 -6.041861661841266828e-01
4.986061831761631757e-01 1.402192120989707025e-01 -6.096553553383994295e-01
1.838179443412286118e-01 -4.221446929402196679e-01 -6.206274045639745829e-01
5.619561354972389955e-01 -4.559847723908629358e-01 -6.266261509645476568e-01
-6.590092761533691279e-01 -2.115192796297301614e-01 -6.137418609548241921e-01
3.777309220649752719e-01 3.333323932933444089e-01 -6.104724298221082535e-01
3.982675914087671631e-01 -2.703152094822905971e-01 -6.168540391335382012e-01
4.246691575113484829e-01 5.376215293743771273e-01 -6.038172091528182239e-01
5.562615727963884371e-01 5.177467203634653625e-01 -6.075447345257918297e-01
1.354095467798313024e-01 4.055649208130691630e-01 -6.059498720660823068e-01
2.674013711597413301e-01 -2.417616536877106315e-01 -6.178247313527147622e-01
-2.663685177644709579e-01 3.091628384244490824e-01 -5.984732796109377695e-01
2.769508231093624484e-02 -4.129039235679933251e-01 -6.334688906161475286e-01
-1.163533476789344878e-01 -1.335070287712418202e-01 -6.217404337704235395e-01
5.762811651081574116e-01 3.571909036724805198e-01 -6.085608622435018100e-01
4.790711510686447294e-01 2.703327146252563207e-01 -6.074299221977640384e-01
1.504088804740209839e-01 -4.225883002722388704e-02 -6.111744024421869037e-01
2.292175462930737262e-01 4.995754489457758796e-01 -6.057880196201343992e-01
-2.669325241930316506e-01 -1.701479812200873964e-01 -6.178357209768101654e-01
-4.704507446084901789e-02 2.522558307956384582e-01 -6.003472304290490280e-01
-3.026856616221563767e-01 1.170990432593843611e-02 -6.202356770627809324e-01
2.032422320158888684e-02 4.240782028163304629e-01 -6.018057762731257032e-01
4.639565977311707057e-01 -1.753518288786770629e-01 -6.171482368395730944e-01
3.414575455991756270e-01 9.488539675651332106e-02 -6.099878268346010657e-01
2.600097742200204731e-01 -7.965834372194544044e-02 -6.139515723710092798e-01
3.567803153697364782e-01 4.458538938610105973e-01 -6.088497618930553967e-01
-6.888416920316191572e-01 2.048304485490026750e-01 -6.006489314904085441e-01
1.540781056886067202e-01 1.040098429445819456e-01 -6.079861980913146002e-01
6.247429095047327685e-01 -3.532856079714916664e-01 -6.202666382059074390e-01
-6.780435998883183046e-01 4.825007586799063414e-02 -6.031773244817090207e-01
-3.652390462411967409e-01 -3.632373990454213497e-01 -6.246804516782824557e-01
7.981572875884151985e-02 -2.101039994940777089e-01 -6.139563412838665579e-01
-1.700252184091702035e-01 2.094094548464676409e-01 -6.063176045192344432e-01
2.844392940165842432e-01 2.771554882844855516e-01 -6.100015347941728505e-01
5.342464805631916835e-01 -8.838663741443708588e-03 -6.144354943208130138e-01
-5.202186383756043364e-01 6.287749239114008570e-02 -6.030167643485212503e-01
5.562951165798284414e-01 -2.259378633513237089e-01 -6.163304999326005840e-01
-4.801040853925501728e-01 3.774823390337247453e-01 -5.936311097640563084e-01
1.826202311203342088e-01 3.120559118323736891e-01 -6.077402468380102007e-01
6.374984995023483814e-01 -4.356952745756802886e-02 -6.155249114747461947e-01
-5.518129009457554135e-01 -2.881010167219733020e-01 -6.179898050108134644e-01
-4.275432905053812016e-01 -1.788294866571374930e-01 -6.125147502365001495e-01
2.020953116007881412e-01 -3.213899846145876205e-01 -6.180521715156378493e-01
4.257944243491607050e-01 -8.048531522861224197e-02 -6.150057471144859678e-01
-3.363274913490922335e-01 1.076911625022897445e-01 -6.263903241428504520e-01
3.333912911270249246e-01 -1.012138041689368204e-02 -6.122476850348050892e-01
-5.160717770013330957e-02 3.531020875727943209e-01 -5.984088930337937429e-01
-3.550669434750078346e-01 2.634424031636443675e-01 -5.984133044449603256e-01
-5.191500799373572894e-01 1.842814113194950199e-01 -5.979528412972152651e-01
-1.455677074432947804e-01 4.133938427845748609e-01 -6.015695898432101840e-01
-5.986082390787045293e-01 3.480104881144838180e-01 -5.926092284849114877e-01
-1.665680409836566844e-01 -3.372911043671565912e-01 -6.264802442789165760e-01
-2.613546284496959249e-01 -2.836283465005526860e-01 -6.222728131620030023e-01
2.517733997146203162e-01 1.284689331212489072e-01 -6.097944531046840533e-01
-5.918880509262171019e-01 -1.147161803759946253e-01 -6.059628022490524124e-01
6.490452298934579201e-01 -1.510498984592963390e-01 -6.138538823241691533e-01
5.674735000021054881e-02 -5.492866800833470092e-02 -6.079663114472380059e-01
-4.604814441187117802e-01 -2.659318832424975576e-01 -6.178346175541831187e-01
-2.430435870165248077e-02 7.123404239210803790e-02 -6.072496433219558565e-01
5.903960249530690874e-01 1.451918740983991762e-01 -6.148887112021201862e-01
-6.008182860192354813e-01 2.303513763770464184e-01 -5.971773630277887879e-01
-4.375850177071370917e-01 -4.402952636049581314e-02 -6.071822558526590585e-01
3.959750976096888531e-01 -3.603515321160801754e-01 -6.197134594827409249e-01
1.186572098906412270e-01 2.486260608882351897e-01 -6.062471207185595734e-01
-4.375312505550187359e-01 2.985029396030828286e-01 -5.972952529170297842e-01
2.791941923098061745e-02 5.136763317630048675e-01 -6.032067237656135728e-01
-5.953932701525362914e-01 1.511342877639513041e-02 -6.036120466504325544e-01
1.604721721291992864e-01 -2.444180057500137115e-01 -6.165174767284448132e-01
3.420589759861707435e-01 -4.373978213827350303e-01 -6.242081902875751265e-01
-1.230693097630693733e-01 6.613319849861053201e-02 -6.165094113335025661e-01
-4.842287313008344363e-01 -1.157164181316878565e-01 -6.084695645942311826e-01
9.830242581350237541e-02 -1.279658108994218002e-01 -6.119231150998056812e-01
-5.495700409659098895e-02 -1.898301853486027979e-01 -6.197892454992418587e-01
4.165578270424220575e-01 1.301737063332119027e-01 -6.117204210533797593e-01
-3.188092772912232697e-01 4.228828741558088300e-01 -5.981271002573711471e-01
-1.594589384058670289e-01 -5.747693974853523326e-03 -6.300827822293298963e-01
4.996716532936072430e-01 -4.032662125201132430e-01 -6.225960855018599638e-01
-2.711957248483320634e-02 -3.526309086418863425e-01 -6.277446365469738776e-01
2.971247478180422674e-01 1.967618244779186232e-01 -6.099467295583453907e-01
5.543674447546917960e-01 4.364435447118795164e-01 -6.078758196304852035e-01
2.690587762052800147e-01 -1.604776619336239496e-01 -6.162762013829101715e-01
-4.584176187792214918e-01 1.161432714280253714e-01 -6.034088184184417392e-01
5.411151019415770813e-01 7.155076745624766588e-02 -6.137680061147845478e-01
1.060169046208916249e-01 -3.992133857888042758e-01 -6.207234735696121053e-01
-2.111964700658038874e-01 3.674179802254793348e-01 -6.004971190044331442e-01
4.299539609910005833e-01 6.177973778236610647e-01 -6.023211376315189547e-01
-1.285013050111077741e-02 1.790058550566760165e-01 -6.029738413871965630e-01
4.772896246703356438e-01 -2.534072414997986522e-01 -6.172179839315112826e-01
3.082053960938561099e-01 5.090290708086865346e-01 -6.059157788974020020e-01
2.637098375652333626e-01 -4.286444635244294199e-01 -6.228858830257516521e-01
-6.807715920022892053e-01 1.267837838642518755e-01 -6.032234837761233370e-01
-5.735004146708869849e-02 -8.194742054918791041e-02 -6.146902727199536898e-01
-1.942685761969929759e-01 -1.416190972945399473e-01 -6.208444858320233406e-01
-2.929573839896324472e-01 -6.697029169281892846e-02 -6.158556958472189979e-01
4.988715606338319231e-01 3.458861659787964560e-01 -6.076941016925482275e-01
-2.125373250364943067e-01 1.498704941255825374e-01 -6.312024176246309182e-01
-3.453834841155652979e-01 -1.729024419953915093e-01 -6.150116797279965297e-01
-2.039690608450664237e-03 -3.765140459476213741e-03 -6.085170466436107262e-01
-1.099191540558898394e-01 -2.852234772444607325e-01 -6.261837602632107647e-01
4.954106053679920851e-01 5.614151955774773217e-01 -6.064504375583599227e-01
2.984002552520999621e-02 2.407149526685050112e-01 -6.033315108359600387e-01
1.365858958457557004e-01 3.145044139466188216e-02 -6.098717253749259548e-01
4.535347451887198345e-01 2.003428264547611470e-01 -6.080999939004161359e-01
-6.648697920333429545e-01 -1.374210799850463793e-01 -6.117609444036722355e-01
3.262080057946812328e-01 -2.877897688463686432e-01 -6.182271173487352556e-01
8.582513441541260446e-02 4.612710474438683761e-01 -6.038760086555390316e-01
4.019412196558357769e-02 -2.725634592127278988e-01 -6.182082258147373333e-01
4.993499045972458195e-01 -7.476758014610299097e-02 -6.158852009359183644e-01
-3.675900041108491889e-01 -2.164443376613363335e-02 -6.103320833904587461e-01
5.262738558448637471e-01 2.087002955192218401e-01 -6.077799687970653064e-01
3.963121286372153079e-02 1.075535062391626273e-01 -6.037923021375911636e-01
5.972862278421335880e-01 -2.858523106087890175e-01 -6.176307986725777521e-01
-2.315276167154164955e-01 6.221876002435825295e-03 -6.332344253071141571e-01
1.615195424319521011e-01 4.729900544890859870e-01 -6.056342829966898655e-01
-3.487732417302215615e-01 1.770504874129509298e-01 -6.107015380632274670e-01
-2.323716640992569693e-01 2.450218503201010978e-01 -6.004149811158783212e-01
4.896350569695087085e-01 4.897542004016349759e-01 -6.082674907731387970e-01
3.530999839232235038e-01 -7.909496642914905229e-02 -6.140867541498121751e-01
1.832914180315668440e-01 5.544304367728603022e-01 -6.035272666314446255e-01
-6.216161129014841080e-01 -2.718298248604214540e-01 -6.184250948581593299e-01
5.480067579424960922e-01 2.917664766842291701e-01 -6.075817729315089455e-01
6.259974317666373578e-01 -4.246592374209768317e-01 -6.238100130304532476e-01
1.378098709314709014e-01 1.729420999948792503e-01 -6.069867411610290198e-01
4.082061914586953555e-01 2.696628316001368209e-01 -6.075888521212162718e-01
-2.673449312252819121e-01 1.059765215408898092e-01 -6.394805133233218974e-01
-3.996492005110008905e-01 -3.021958928004924716e-01 -6.200045378318685962e-01
3.472901633710703262e-01 -2.209883624626348686e-01 -6.171265195669448644e-01
4.068753449049399284e-01 3.969830580009435783e-01 -6.064641704512788722e-01
-4.719001729007039625e-01 2.375156671197656832e-01 -5.974260295611555360e-01
4.236956624917861958e-01 4.679195485415672540e-01 -6.061767198020748815e-01
-1.162497128637050431e-01 2.529991691642679008e-01 -6.038975059356527231e-01
1.176006176027143968e-01 3.375566075656445952e-01 -6.055706999284907743e-01
3.289194707457074873e-01 3.822766943301020293e-01 -6.078611775216538060e-01
1.081479145926305535e-02 -2.100585244676931307e-01 -6.160215884497057814e-01
-5.105834758383226424e-02 4.219525431027917883e-01 -5.988244822205591733e-01
-1.232449863198293583e-01 -6.434052428619210784e-02 -6.229471179490576604e-01
4.714667422153752119e-01 7.699688235923993207e-02 -6.132447763581097000e-01
5.650961879305897995e-01 -3.851648255287990485e-01 -6.221676460869469683e-01
4.477926818311495083e-01 -3.163963974033526805e-01 -6.179179934183522960e-01
-4.739842048071136182e-01 1.298916930489372665e-02 -6.048205167459880238e-01
-1.495482035594696002e-01 1.281938632971451608e-01 -6.210800897559572986e-01
-5.988907090621358176e-01 -1.816337993568848397e-01 -6.095236107152062210e-01
-3.229813042066995710e-01 -3.105191023885490731e-01 -6.209054707467629441e-01
1.940424365984361466e-01 -9.349420894022394957e-02 -6.125133953261792108e-01
3.727427556966260158e-01 5.810455648609951229e-01 -6.022980421960010267e-01
3.983827224456092803e-02 -3.477805258090593266e-01 -6.245929421055645969e-01
-6.318828391667745681e-01 2.894307959832287946e-01 -5.941662728613315014e-01
2.006866430393668965e-01 4.191461941548759729e-01 -6.063862031734534863e-01
2.160081056400469657e-01 -2.973296901126403977e-02 -6.118114267782602811e-01
2.899002685704936133e-01 4.450678612830401004e-01 -6.055293304567543888e-01
-6.062331206134375927e-01 -5.006124732078210543e-02 -6.039737839262591113e-01
-1.198454270158209878e-01 -2.009915985199974275e-01 -6.226554898663725357e-01
6.480982796378385868e-02 3.762689380163452557e-01 -6.035711456957746357e-01
-3.092253682627049693e-01 3.583260194360307627e-01 -5.977634821550816824e-01
-5.751766763029844132e-01 -3.487763557095643341e-01 -6.166115788765218486e-01
6.854138004025689401e-01 -3.766804265822251141e-01 -6.194250227884928739e-01
-3.950010372979178008e-01 1.287814722606394069e-01 -6.085404000074432496e-01
2.476159497012627442e-01 5.612922660599815039e-01 -6.037893182723212959e-01
2.653452539666212306e-01 -3.084132017016488203e-01 -6.184221905591957835e-01
5.281776276767885525e-01 -1.677931552915482016e-01 -6.161463485553035913e-01
-5.387761002495413676e-01 1.236606009257716077e-01 -6.011001013075464305e-01
-9.531015210785939371e-03 3.040748672474943293e-01 -5.999379220916050137e-01
4.097486463756959685e-01 -2.080936115427244326e-01 -6.168708650054706144e-01
-2.346973379390666636e-01 -2.262204631220350870e-01 -6.199232290339253826e-01
3.442151246122456265e-01 2.568156287472229127e-01 -6.094979014590160560e-01
-5.357272669075477944e-01 3.454841474504284915e-01 -5.937208951962195114e-01
6.678451104876601541e-01 -3.078333687504952176e-01 -6.149292713951410860e-01
2.414897956382375255e-01 -3.701561679926415049e-01 -6.201625031796799137e-01
4.396812427957227376e-01 3.250511406692770944e-01 -6.065710957602092890e-01
2.128087559007034724e-01 -2.102612461491935036e-01 -6.172512232742347615e-01
2.439708457786985973e-01 3.253769552175784230e-01 -6.094567430200888980e-01
3.035692789437742789e-01 4.463117061487173465e-02 -6.105148522991202809e-01
5.903414662627959331e-01 -1.718346957460369362e-01 -6.156978832239565769e-01
3.704327957898589929e-01 5.072699103349382899e-01 -6.039453241781703730e-01
-2.943261626601694214e-01 2.504648423541099289e-01 -6.001253750888588812e-01
-3.530930721175785658e-01 4.762697335197958737e-02 -6.166656500049926271e-01
3.928388504812976301e-01 -2.801272022703603023e-02 -6.132731469895559284e-01
3.700713771735605340e-01 3.998402875852243021e-02 -6.123422140633764110e-01
1.501492134226124764e-01 -3.558442140506025697e-01 -6.185642942513448483e-01
4.127416620620313337e-01 -1.409240909655656848e-01 -6.160651784553378141e-01
-6.198333718749703403e-01 7.208436299789661161e-02 -6.014243096491674878e-01
5.957714537169103153e-01 1.627560743923893959e-03 -6.135145713256130451e-01
2.240426094438974225e-01 2.655870522919251964e-01 -6.098624196932080910e-01
-2.969511695920477590e-01 -2.236798424162201038e-01 -6.181057708209173329e-01
-4.228453249171947315e-01 -1.177944902223653501e-01 -6.101239102470980002e-01
-2.058399893780721857e-01 3.005620850062621918e-01 -5.992113463318395894e-01
-1.690969469432222760e-02 4.724297976399060572e-01 -5.998991511802217458e-01
-8.299691189658824075e-02 2.022651569343424383e-01 -6.050297866112800405e-01
-8.677481115331223127e-02 -3.409183072252262581e-01 -6.286464775601858790e-01
3.415888345363869427e-01 1.560570998003174281e-01 -6.101837482213194885e-01
-6.515609928951188179e-01 -6.532844200067804662e-03 -6.021314158968937846e-01
4.750220022322972357e-01 -1.943811161680641594e-02 -6.157347579065992615e-01
5.745029741686634717e-01 -5.456853109519728406e-02 -6.157581359186661274e-01
1.950136971005946296e-01 1.481715037887914865e-01 -6.079892742217671842e-01
-3.086634740252600095e-01 -1.255107683295396404e-01 -6.144868743823069801e-01
9.649058520596397182e-02 8.750171323832589554e-02 -6.064021455914273551e-01
-1.519664728325980374e-01 -3.954802433945437401e-01 -6.334739572713345979e-01
-8.580282249065512845e-02 3.041564492228685523e-01 -6.004479301360976518e-01
-1.114630759141716360e-01 3.643104948131751786e-01 -6.007331087079343934e-01
2.749026493261166881e-01 -2.117560480716628932e-02 -6.122092819104789641e-01
7.422136178687480795e-03 3.610394188049360631e-01 -6.008920324886843911e-01
2.110413972436986085e-01 8.522945239247101124e-02 -6.085631062151554138e-01
-1.798162680472458475e-01 4.618222292083040692e-01 -6.038705548108979082e-01
-6.344573284949588388e-01 1.811725844043432510e-01 -5.984724479723428914e-01
-2.509237374939380927e-01 -1.122074726367843778e-01 -6.183683599915978935e-01
-4.098963460028202666e-01 -2.354299788376620628e-01 -6.166270540610271356e-01
9.614052806137272922e-02 -1.127276978368796888e-02 -6.093275645420914710e-01
-1.697476361236701422e-03 -6.246652317993126036e-02 -6.116805076728561996e-01
-2.027135684275770677e-01 -2.908065722740913461e-01 -6.230399372642251299e-01
-4.115537354409375959e-01 2.458098037065435948e-01 -5.987686565752505796e-01
-5.694047098996317668e-01 -2.323333949536395826e-01 -6.134094910670588874e-01
6.198570011094186594e-01 -1.002017440386687303e-01 -6.155508818147509276e-01
3.187758072144125654e-01 3.247377272311323670e-01 -6.086880497885175378e-01
-4.239155325826535758e-01 3.940496566252965627e-01 -5.942836594525138239e-01
-4.774814988934614757e-01 -2.104298681040176755e-01 -6.137513850965046203e-01
-6.825276311466492718e-01 2.610936149058348255e-01 -5.884216556544026311e-01
3.050254710394859625e-01 -1.157169545358545104e-01 -6.150166303867957707e-01
-2.642641856988505733e-01 3.939347830041399767e-01 -5.997723714091384162e-01
1.052276104706377502e-01 -2.613609345873988965e-01 -6.159302531994896857e-01
4.506377545206993185e-01 -3.750728579728651590e-01 -6.196602301363690612e-01
5.213875546878780909e-02 -1.603812272649418891e-01 -6.115738067303527759e-01
2.168266252467793975e-01 -2.662547154922242365e-01 -6.178784932618909265e-01
1.338500412397990447e-01 -1.949003740865715151e-01 -6.154039162221680570e-01
-5.751186101106720017e-01 1.805639355347415376e-01 -5.979857269376158690e-01
-3.092707683982441891e-01 -3.652110670215739097e-01 -6.256830758998808140e-01
-5.376304978113483068e-01 -1.320338543883639859e-01 -6.076354680298503563e-01
-4.202994820871749360e-01 -3.543466088754101406e-01 -6.231641432506742628e-01
-2.661478616143477249e-01 4.948779518000524791e-02 -6.386398079540837047e-01
1.775690837671881073e-01 3.685030082643540594e-01 -6.062344155791320466e-01
4.667827397974438908e-01 -1.196723016437234444e-01 -6.162243584662225881e-01
-4.998251847323313957e-01 -3.076194729184251742e-01 -6.182738740597969462e-01
-3.111364405600458224e-02 1.267999124627521013e-01 -6.051169629610937406e-01
-5.399326123584301529e-01 1.048116675139380491e-02 -6.039578216973886526e-01
4.134176706579966165e-01 7.442148467344178453e-02 -6.127511067438022874e-01
1.514601045769318755e-01 -2.994336732836017090e-01 -6.172092652868572671e-01
5.412528492690488191e-01 5.914141698190467089e-01 -6.019804774821798654e-01
-8.018021190244865870e-02 -2.392854589638456764e-01 -6.234080202080876099e-01
-2.688429212874781163e-02 -4.070519176390294813e-01 -6.334438619211582022e-01
1.895652458900786153e-01 1.907675167700138494e-02 -6.101862775581411436e-01
-5.781006598440414646e-01 2.977794310035846159e-01 -5.952343646077598027e-01
-5.005429212482600393e-02 -1.359306953638343141e-01 -6.171442425916483510e-01
-3.445852592479675125e-01 3.173169081940317993e-01 -5.972316799418633249e-01
-5.463976996795667507e-01 2.309255589971261902e-01 -5.965855205341088485e-01
6.105067048272947439e-01 -2.223689811581502918e-01 -6.151150867552116486e-01
-4.862804285091258949e-01 3.217015345911191648e-01 -5.955497072491305888e-01
1.069034094372065119e-01 -7.473006005149175623e-02 -6.106883837333543230e-01
-5.174317339404604921e-01 -2.465539471496983048e-01 -6.155108518103119541e-01
-1.686137546649543184e-01 -9.436062744580930861e-02 -6.242549427894973357e-01
-7.492968267737037946e-02 8.904476258483505491e-02 -6.106129043144327140e-01
5.212567368730973705e-01 3.944210696216696732e-01 -6.088513039009157968e-01
4.974831329260558377e-01 2.996531959310167609e-02 -6.140607613021442646e-01
1.711805493094427089e-01 2.581649440280848751e-01 -6.076210601187026494e-01
-2.019971384967565176e-01 -3.775930018997376569e-01 -6.282276208801431672e-01
5.699139231607368572e-01 -3.321418287479004916e-01 -6.186858617728382415e-01
-2.374049113485807994e-01 -3.310877027948957996e-01 -6.237437244876467002e-01
5.283781283140442930e-01 -2.710553652575807826e-01 -6.164694570324807943e-01
-1.688081211391654068e-01 2.627342264195942079e-01 -6.017451952864394382e-01
-1.287021767131573124e-01 1.759012686251751334e-01 -6.099609182021659137e-01
2.459743614766305431e-01 1.808955397195985138e-01 -6.096724386685596908e-01
-3.005788931867234837e-01 1.461104869819758179e-01 -6.309860359941329433e-01
2.161039747533739352e-03 -3.090858745980640254e-01 -6.234710737066401220e-01
-1.268289374251591883e-01 4.625056593263632831e-01 -6.043419465688771863e-01
-4.690050567461998554e-01 1.683419009222278662e-01 -6.002010023329323873e-01
-4.633274341545389197e-01 6.416098645531258249e-02 -6.055431260934028836e-01
3.504893936076829419e-01 -3.861493980866166909e-01 -6.214644330480382228e-01
-1.709125176375775879e-01 -1.881961261605003544e-01 -6.203123897230418127e-01
5.077363317029753853e-02 -1.072049545971947709e-01 -6.093736055357905634e-01
3.520843580291212471e-01 -3.329260982520511614e-01 -6.190268536588477977e-01
2.234033185346342154e-01 -1.359900416555633873e-01 -6.144207426795034177e-01
-2.257456425689177704e-01 1.944638994156926148e-01 -6.087821927801236876e-01
-5.685773228572958971e-01 8.150659575540304680e-02 -6.018847680086054641e-01
2.900603729815242615e-01 9.472344754701558789e-02 -6.098188133141418943e-01
5.109286617592697644e-01 -4.529516307919616014e-01 -6.255995980209526630e-01
3.000831951164234512e-01 -2.009002605412612552e-01 -6.164028021969307769e-01
1.457415102395354378e-01 -1.103878733685022401e-01 -6.123433871243542104e-01
1.016110775297073554e-01 1.377016799921646495e-01 -6.060865577245264646e-01
5.856732938350946993e-01 9.496666457874058942e-02 -6.127659600823063268e-01
2.603275275690635215e-01 2.308790190993719738e-01 -6.101314838216703729e-01
3.065335713900109726e-01 -6.046208595407005781e-02 -6.133064408137431922e-01
4.538793843407782358e-01 3.736432437677391638e-01 -6.076101339248762834e-01
6.525093459628736881e-01 -4.673272181076312259e-01 -6.251370904762916236e-01
5.073872191800123943e-01 -2.134609807030611872e-01 -6.165816723674526489e-01
-1.614130638644479809e-01 3.639078900143012385e-01 -6.011913636464383259e-01
-1.654884496442259323e-01 4.366089798571248792e-02 -6.329113567380354466e-01
-4.840495444266381675e-01 -6.594217479311775820e-02 -6.060946703389588075e-01
-5.254444398208529821e-01 -3.508921378476327346e-01 -6.177302476948748344e-01
-6.341760417317282572e-02 4.059662703094540914e-02 -6.116779795769953232e-01
5.729932594141387003e-01 1.918220123041498026e-01 -6.103811335556704742e-01
2.390247367650036592e-01 4.507831276479082883e-01 -6.070897532969228294e-01
5.453901735362729486e-01 1.242237528176299566e-01 -6.135864411757359083e-01
-4.503123023746984921e-01 -3.149960201777023405e-01 -6.200262988679980936e-01
-1.983113683107926573e-01 4.159445541125285639e-01 -6.018218675007092067e-01
-2.551650510407914574e-01 -3.549226680440466936e-02 -6.217385103127511803e-01
3.933361758795055341e-01 -4.105471680429565451e-01 -6.233998414064569893e-01
7.598602539719209736e-02 2.240458637314830248e-01 -6.045514695608376066e-01
-4.210359706834784221e-01 3.447075886187475069e-01 -5.962028825295818679e-01
3.362853433823722038e-01 5.489873234666943214e-01 -6.061015224525319045e-01
-6.375052284203670538e-01 -9.769414807274179324e-02 -6.055748494245697389e-01
4.640513989512919102e-02 -7.550620608630110794e-03 -6.057256956945321624e-01
-3.658602246419909720e-01 4.102095432213727078e-01 -5.960941623876701012e-01
-3.114909633374475240e-01 6.635249293093477274e-02 -6.331367340067413085e-01
9.923995349690738210e-02 2.929805620745725703e-01 -6.045115945298615845e-01
-5.538848643903097058e-01 -8.508284417411803024e-02 -6.070220540366180195e-01
-3.893351606921862107e-01 2.978900626475333713e-01 -5.975678721689582362e-01
-3.723535816028019640e-01 2.176738732384214114e-01 -6.001564055664567743e-01
-3.880314037937790950e-01 -1.508674966544184259e-01 -6.129858717002589774e-01
1.464611866092306071e-02 4.282279213823468600e-02 -6.056460939728123272e-01
-4.894152226698552655e-01 -1.633215076264170618e-01 -6.115384017387320847e-01
5.146506520186807654e-01 -1.216083863437777829e-01 -6.156853473426260326e-01
-4.119091757327428827e-01 -3.611269266841933383e-03 -6.080841109250678667e-01
-9.782066716232931669e-02 4.104122508002643333e-01 -5.998349853113259522e-01
-4.145836543632992061e-02 -3.620030994793926177e-02 -6.133731636091797057e-01
1.941188050618354310e-01 -3.737118868436687946e-01 -6.201825862415398793e-01
-6.476582393046719233e-01 3.336119646404577255e-01 -5.868878004729580766e-01
-1.192166447028099596e-01 1.891273832069288036e-02 -6.185148413297072434e-01
6.522945214353466081e-01 -1.986343915692755924e-01 -6.143862054396866945e-01
2.943682625220712112e-01 1.489888978051898960e-01 -6.101491586877539897e-01
-6.484339835061322388e-01 2.285418785347666515e-01 -5.952821104494476767e-01
3.057043801403629413e-01 -4.073086497227286218e-01 -6.226810954119339492e-01
3.846968810612848289e-02 4.677902410751199058e-01 -6.036066423613530851e-01
-3.844337887780180929e-01 8.244518577120729663e-02 -6.119910203925250647e-01
-2.209791569581223136e-01 -1.803365527640095611e-01 -6.200610487410138649e-01
-3.941011069508563724e-01 -6.190617349166421812e-02 -6.086558075893200304e-01
7.419129271222196786e-02 5.066959369743126995e-01 -6.020225017603046958e-01
-1.561166938884618882e-01 -2.914197053077997035e-01 -6.248403774351279916e-01
4.513146777367006424e-01 5.761841792130883988e-01 -6.053545688559476279e-01
-3.213346924546875982e-01 -3.026606003782033455e-02 -6.140398407271612236e-01
2.464086494332191554e-02 1.517883571625959771e-01 -6.023923301698568267e-01
9.016331965222686151e-02 4.151895443926281182e-01 -6.040587267575238117e-01
-3.249159471744880179e-01 2.158635629374071330e-01 -6.018449571192120429e-01
-3.847558034348239620e-01 -1.966795066836390382e-01 -6.153698630821525795e-01
5.101572663074840364e-01 4.483781698534242133e-01 -6.120346010163721928e-01
-6.152327749095927167e-01 -2.266488462098044665e-01 -6.135722321311503080e-01
1.525872942282555100e-01 2.163488249152751286e-01 -6.078301868195257196e-01
5.601136159785744528e-01 3.007365180155294887e-02 -6.138672019938593571e-01
4.146990887472207787e-01 1.763335622170759120e-01 -6.100277801197293570e-01
-6.046506818395362970e-01 -3.140460294448549350e-01 -6.183271503440515016e-01
1.722268749674235599e-01 6.158249491973368656e-02 -6.083516697148850794e-01
4.546344254686694453e-01 1.546449181429611630e-01 -6.084087548852243899e-01
5.226418529415760572e-01 2.538857109744976359e-01 -6.065636422967786157e-01
-3.074551045098568580e-01 -2.677073583935453138e-01 -6.201614351582509510e-01
-5.126591123198886990e-02 -3.129918062328421180e-01 -6.261163679427969031e-01
4.025343997487156322e-01 -3.153102622749793804e-01 -6.181736776197395145e-01
-1.733188753085795619e-01 -4.891251795844523548e-02 -6.272807169674103900e-01
-5.696892384208278592e-01 -2.321572219470607185e-02 -6.041674043754987622e-01
6.270636858663011792e-02 -3.863179344058621512e-01 -6.232703122411180630e-01
-1.246627882350441301e-02 2.238438974168673323e-01 -6.018534068867983367e-01
-2.568157058945764737e-01 1.558316348276077568e-01 -6.341413637937551862e-01
-2.822771342962190899e-01 -3.290684204055899231e-01 -6.223330451828636978e-01
-1.425060571631728452e-02 -1.720649650850738233e-01 -6.159057282051967341e-01
-1.736007590702547121e-01 1.658407141147740793e-01 -6.144904588839232851e-01
6.078374919881658345e-01 -4.649084717530184707e-01 -6.282488866356263912e-01
5.251839728461227264e-01 -3.661322761478465471e-01 -6.204621933401999190e-01
-1.634640482252737725e-01 8.774565867275371800e-02 -6.323698524917684693e-01
4.167158014109698660e-01 2.261575048795047005e-01 -6.082405547217412112e-01
-1.268917051730050205e-01 -3.593202003422051316e-01 -6.305312945378646061e-01
2.831921602125821169e-02 1.962245228160430788e-01 -6.031307078682228706e-01
1.586209767625790523e-01 5.169197218854124642e-01 -6.037915473560623303e-01
-1.286839639654942247e-01 -2.455186401355827219e-01 -6.226629194446187121e-01
-3.139469176201299672e-02 -2.272835495348753121e-01 -6.197266625146156116e-01
-3.085553746303028033e-01 2.920189315830830079e-01 -5.979514451035875533e-01
2.707080502896989094e-01 4.845418227410306922e-01 -6.058897055817503707e-01
-2.520756360849168431e-01 3.515417698910496269e-01 -5.986659681684556311e-01
3.729861441176252068e-01 1.254328034142237480e-01 -6.100459525211687772e-01
3.113025431303129142e-01 -2.460245391526019731e-01 -6.182777257774743074e-01
4.338477564979831280e-01 -2.446549325474393910e-01 -6.166617733526423839e-01
4.672963101062255209e-01 5.278451962150702004e-01 -6.064737783541622740e-01
2.209561708520152712e-01 3.629719284444090643e-01 -6.077947485404688877e-01
2.822450615807989838e-01 3.488156739113245086e-01 -6.082033495582397364e-01
1.437030620361470779e-01 2.921001167730103987e-01 -6.060368606507574585e-01
4.353482773354184210e-01 -3.757338416525381197e-02 -6.139943107387236809e-01
3.776684761379758282e-01 -1.150475799803663823e-01 -6.156406280975602607e-01
-6.601994958192791696e-01 8.839936492652528122e-02 -6.006181619985898612e-01
2.890548362896961931e-01 5.481654098814117138e-01 -6.059718987924049838e-01
6.371891467683760135e-02 2.678502691550755377e-01 -6.033950502195062349e-01
5.363142753338057123e-01 1.665429089715586286e-01 -6.103949099436490888e-01
-1.450020937021934998e-02 3.982755173437533269e-01 -5.985939982131680548e-01
-6.532450205713628000e-01 -2.992046749603483047e-01 -6.293297030065496678e-01
-5.000158775594636396e-01 1.010654583195259304e-01 -6.023134348564151974e-01
4.713240732710370917e-01 -4.359247921192808128e-01 -6.228078759640880424e-01
9.800624977706128005e-02 -1.710834832314299669e-01 -6.129671113661915305e-01
3.367711557020538482e-01 2.144510415328523545e-01 -6.098514549227641579e-01
4.870882689410414024e-01 2.280885389833351429e-01 -6.074927959570877167e-01
1.268554637784735095e-01 4.476587403246112262e-01 -6.057610199542465823e-01
-4.267332722099949627e-01 8.756710562061684189e-02 -6.070867219096902634e-01
5.403405808232693008e-01 3.340914092487011211e-01 -6.063405443545567541e-01
-6.225469084412775800e-01 -1.460539009594283288e-01 -6.073700001564990014e-01
-4.774146223295042679e-01 2.799032986202610873e-01 -5.961330486085708591e-01
5.422035594711303030e-01 4.775366041600409561e-01 -6.103803956865609948e-01
5.395772772161846476e-01 -4.197433539635482269e-01 -6.239255327401140860e-01
5.065939298503057131e-01 3.039449506503881793e-01 -6.075825382472533898e-01
2.243458428003071159e-01 -4.092857050948684461e-01 -6.233190635857353001e-01
3.713148979541471828e-01 2.912766293660853933e-01 -6.083600522670234989e-01
4.921421257613920464e-01 1.822749484656955576e-01 -6.081318640703095024e-01
-9.176154588477614116e-02 -1.682031675790825187e-01 -6.200840232021243015e-01
-1.130218633238013193e-01 1.076504314753508468e-01 -6.135457328225885076e-01
2.544408818567046038e-01 -2.014455399087761167e-01 -6.179744463469767357e-01
-6.346751065536366809e-01 3.228331900905707930e-02 -6.019763181529431684e-01
-8.438075199980814289e-02 -4.875112251750229192e-02 -6.169039452305424831e-01
5.094396350575793875e-01 9.953371118811321638e-02 -6.133244471988679170e-01
1.491891040481456154e-01 -3.979887164466457405e-01 -6.217898967609920557e-01
3.020832246917830033e-01 2.387839409983064098e-01 -6.100578891370762591e-01
3.650576132678394758e-01 4.038605876993934807e-01 -6.100115615932757418e-01
3.715049879819571580e-03 -2.515267579211629134e-01 -6.178657387991406402e-01
2.519604203485061866e-01 7.489799737279351222e-02 -6.099062273849831239e-01
-2.245053415522199614e-01 1.106724674070667797e-01 -6.415952145285502839e-01
8.067293971930922583e-03 -3.756359814756635163e-01 -6.283146933265985057e-01
-5.404411547885190625e-02 1.706930380215023468e-01 -6.040891381246920044e-01
4.728906942502796307e-01 6.121416798548380278e-01 -6.032297093697757129e-01
5.147661524789112208e-01 5.238865292623278158e-01 -6.081487801682192718e-01
-9.686116871289608687e-02 -9.658584266114571271e-02 -6.182352087765352611e-01
4.791817602138571663e-01 -3.440735295663380211e-01 -6.198780890529023146e-01
1.346389765075850509e-01 -1.506638877610946281e-01 -6.136091585647462932e-01
-1.188646716019111788e-01 -2.281499819501435489e-02 -6.203513512891789539e-01
4.837339586787886003e-01 -2.953181272007720515e-01 -6.177282640891604837e-01
3.851891583426922949e-01 -1.744511306442423915e-01 -6.161000471393442979e-01
5.819528634376427423e-01 3.158736470418321840e-01 -6.087386745650912312e-01
5.769587293665263961e-02 -3.102889194184240695e-01 -6.180258070832083117e-01
-2.783604572585111070e-01 4.330416964241081135e-01 -5.993393625620099252e-01
-3.594942200853483705e-01 -2.906122600990662108e-01 -6.198998316922934571e-01
-5.022257229948314805e-01 1.434703016567016598e-01 -6.004324261178001221e-01
5.331046930514610205e-01 -5.066172430968583773e-02 -6.155514248246681808e-01
9.359761685297199318e-02 -3.591757336530304046e-01 -6.182691680960871183e-01
-4.313685707447622031e-01 1.480535853017752868e-01 -6.028676558575472022e-01
-3.344269492059144810e-01 -6.977397645488919720e-02 -6.122576778098144379e-01
-4.909990129418326799e-01 -2.526831120853925694e-02 -6.057060781442360486e-01
5.690535424767594330e-01 3.977760720630637015e-01 -6.069754515672315387e-01
6.460391483839909021e-01 -3.885621820589961750e-01 -6.220139732709427660e-01
3.102998980056623779e-01 -1.583878899332990808e-01 -6.159675347249570221e-01
3.229059439129195463e-01 4.696190495158354961e-01 -6.059401962462888092e-01
3.574637109323977047e-01 -2.610762035376364421e-01 -6.178951311524653045e-01
-4.474050239881123270e-01 -8.451258852609261352e-02 -6.076202055977470984e-01
4.128187710117680043e-01 3.563507787573749752e-01 -6.062270926777562075e-01
1.199274687925817040e-01 4.882980039763372138e-01 -6.044262911829429985e-01
5.839600327430675142e-01 -4.215211270232602780e-01 -6.236168758908599008e-01
-1.541661561415056947e-01 -1.508276737150043845e-01 -6.219552141882184193e-01
1.130064637533792216e-01 2.054286797713565649e-01 -6.062059644796238267e-01
-6.166175314886244985e-02 -3.743212146645429339e-01 -6.307803606406855446e-01
1.061739302033315180e-01 3.770577866959912150e-01 -6.051031525426475710e-01
-3.056407628482760153e-01 -1.830519902962812195e-01 -6.162832683975526527e-01
-4.524952694083655413e-01 -1.459958670586021801e-01 -6.106201527018293440e-01
-3.747051802850939750e-03 2.636471705788911990e-01 -6.000750981436608900e-01
6.375400685091408004e-01 -2.800325187151566642e-01 -6.149482071112337689e-01
2.643849711493714283e-01 -1.200866597703837413e-01 -6.150896691082766710e-01
4.504501747537367068e-02 -2.319460100166100547e-01 -6.149946255385388971e-01
-6.425034286291438912e-01 1.401213246038919558e-01 -6.001529962084731773e-01
4.537769307739957791e-01 1.140162787294124458e-01 -6.126859891925029444e-01
3.969117204207976979e-01 4.374455834737968063e-01 -6.060627924153891843e-01
3.236241775824325595e-01 4.225988681251051093e-01 -6.065899624365984621e-01
-6.739699976691120309e-01 1.666569955219063814e-01 -6.005673436158671663e-01
-2.072406985707298324e-02 -9.917969118242483950e-02 -6.136605086345440219e-01
-1.992548427102402986e-01 -1.806480990350566029e-02 -6.308591279025175247e-01
2.019657772578133392e-01 4.696912631204275268e-01 -6.057302189636483147e-01
-6.576923155339623461e-01 -2.513787800224390745e-01 -6.198216432183647484e-01
1.739294924199006054e-01 -1.988007337724606860e-01 -6.157466493049330580e-01
-3.355223995815111993e-01 -2.123509687029318527e-01 -6.163549106211504425e-01
-4.082149506905811964e-02 6.498133312004868677e-03 -6.114027724769955929e-01
4.629120699886860035e-01 4.591342850195245240e-01 -6.076019433890200716e-01
4.618537002392622548e-01 -2.158674344216587326e-01 -6.176258794455024015e-01
-5.630467141116036744e-01 -1.635955014822876585e-01 -6.080048461887762601e-01
-1.305273844715553466e-01 2.158227135717618039e-01 -6.072781273466143492e-01
-5.652753486547510420e-01 4.178705976794562515e-02 -6.032059941214469312e-01
-2.093719243388000861e-01 -1.045678346176037166e-01 -6.214741316987196784e-01
-4.794353948076814087e-02 2.921776475503861659e-01 -6.004508001213113566e-01
-3.425360296500880586e-01 9.407134200583254155e-03 -6.145321218799736362e-01
1.560956261568631209e-01 -3.072507197709524462e-03 -6.107621705521020239e-01
6.057680674324227299e-01 -3.879644410644010888e-01 -6.219593974733241826e-01
1.637140208118773033e-01 4.332001116800536789e-01 -6.062234642928877593e-01
5.865199441908444111e-01 2.766356126370771440e-01 -6.091103026953741395e-01
4.344525020411073024e-01 4.251944191000051054e-01 -6.062202585253144704e-01
-1.874939527670587691e-01 1.194358693594155252e-01 -6.307039043153480629e-01
4.117173761525982911e-01 5.753071733332981719e-01 -6.034653426243784535e-01
5.887585759669102230e-04 1.022171499278012041e-01 -6.039543874251422917e-01
-2.037694763877138382e-01 3.371635468631591082e-02 -6.383207231330332299e-01
3.038351687343504026e-01 -3.205975782698395338e-01 -6.191067820253451925e-01
5.970007933544794199e-01 -1.322808760758523439e-01 -6.153262159752763694e-01
1.327567676890601955e-01 7.060000224584557504e-02 -6.079284665808067922e-01
-5.148705526383237085e-01 -9.103076381411991103e-02 -6.071771601269627672e-01
-3.806925353875970641e-01 2.015271935835349221e-02 -6.112615945365058590e-01
-3.579371553766464986e-01 1.391776726438615219e-01 -6.170558716317433579e-01
3.851613584798084244e-01 5.436703340653084027e-01 -6.025542422465116621e-01
-3.469318218107007579e-01 -1.338277616561312500e-01 -6.126908884997751548e-01
-8.185908555608563397e-02 4.462771483228914482e-01 -6.008346962907543665e-01
-5.098903515227588557e-01 2.472781860180612301e-01 -5.963029932771256592e-01
-3.872560123666616283e-01 1.671237287586922193e-01 -6.055841568150002185e-01
-5.735932335689937211e-01 2.589929751081583853e-01 -5.960363811675212231e-01
-1.279694599437624369e-01 -3.197706815807934144e-01 -6.265794607193486687e-01
-6.505801496198957423e-01 -1.738635242501724298e-01 -6.083741902300846549e-01
9.990515623788723265e-02 4.872234482292338992e-02 -6.066129356202502043e-01
-1.886655143916640132e-01 3.358635531441318545e-01 -5.996018433087280108e-01
2.866150668882485597e-01 -2.758999247355688467e-01 -6.179235489009580196e-01
6.628008368275740692e-01 -3.453952753685322064e-01 -6.226443940533644694e-01
2.598363354999014274e-01 5.229571083648570928e-01 -6.047032098968287972e-01
4.441166915365705181e-01 2.541263124239999116e-01 -6.072903427200458948e-01
-2.616182456274486201e-01 2.707393501910245748e-01 -5.993867894014253128e-01
-3.389228819780555346e-01 3.827202861038347392e-01 -5.959936525373218386e-01
-7.232800383317944393e-02 -2.774238369810976268e-01 -6.245233298541703615e-01
5.554005872802756372e-01 2.338261652616114017e-01 -6.071852846671295101e-01
2.177910748667267193e-01 5.371267413789517775e-01 -6.040416248244934172e-01
2.262461919801538046e-01 -1.743182229963423646e-01 -6.163174812623656296e-01
5.413676898690538142e-01 5.530559602422681076e-01 -6.053889248260757583e-01
-2.542187490423146734e-01 -7.399566330703803707e-02 -6.195874636135922930e-01
4.619111707398826372e-01 -6.653741723197219293e-02 -6.156718421888915938e-01
7.940572466563655674e-02 3.402021028938178038e-01 -6.037945062421702369e-01
-2.646887282053962398e-01 2.242784607622129722e-01 -6.016311394095379406e-01
5.663449170695541435e-01 -2.632725824917376278e-01 -6.164776013957143919e-01
6.220210703498676441e-01 -3.151799934079014265e-01 -6.180733108089890848e-01
-4.225499524431545195e-01 -2.714689458727310711e-01 -6.188140235879554529e-01
3.813226240603136974e-01 2.420744017463014597e-01 -6.078231326590395334e-01
3.942019916269310364e-01 1.016451371268091777e-02 -6.120792747043992676e-01
2.239752447069808527e-01 -6.718225814502565285e-02 -6.125534401012304730e-01
3.891016802638170846e-01 -6.661190297001941263e-02 -6.143180050894487820e-01
3.569577594843396096e-01 -4.119888476744056061e-02 -6.141447821167373977e-01
2.775190414385679816e-01 1.676926086360153514e-02 -6.104535084724840299e-01
4.081662010758421721e-01 5.028851891772869731e-01 -6.049799101109001320e-01
1.864928660533132221e-01 -5.630230529431504843e-02 -6.113992428891414921e-01
-6.754338235311188599e-02 3.876037496256238279e-01 -5.992799447802668045e-01
5.802574161695540217e-02 4.353350360959465370e-01 -6.034640733744333074e-01
6.081745278702156421e-01 1.786358950229486875e-01 -6.154535273818116936e-01
-5.839310673962780918e-01 -2.681109028915847903e-01 -6.162587997595911915e-01
-4.545983199265185570e-01 2.039202231495716444e-01 -5.991217874937087018e-01
3.758259129809602972e-01 7.734156419424809137e-02 -6.110798847143152912e-01
2.945130307207546316e-01 3.985850746248553733e-01 -6.065064863621714153e-01
2.833188945927814575e-02 2.834000869003092671e-01 -6.022873453556694123e-01
3.680863862117222940e-01 -2.972594971214993498e-01 -6.177090564233046477e-01
1.750732785943493186e-01 1.802080751562033512e-01 -6.078959495492949339e-01
6.405456168952089469e-02 1.364326303762561088e-01 -6.053152030174648868e-01
4.055301844282999113e-01 3.082255500822450589e-01 -6.074224415804533317e-01
3.779439887383206909e-01 1.655338536213620537e-01 -6.097207376323945383e-01
-2.667106312902686738e-01 -2.457357344590348491e-01 -6.200745677537755629e-01
-2.292437099128882827e-01 -2.632215257172152989e-01 -6.217403731830297708e-01
3.213877612284302687e-01 2.864899963703668173e-01 -6.099431627343256945e-01
4.157912430838046208e-02 6.941613206610461329e-02 -6.037916041559393543e-01
-3.711026263581454487e-01 -3.263556316075613140e-01 -6.202240533831668845e-01
1.808447013109267532e-01 -2.763239532133965892e-01 -6.164606701521391230e-01
1.549684054559230528e-01 3.381848547254209802e-01 -6.061406321761495519e-01
5.537835391539990271e-01 -2.984182281387077751e-01 -6.180217505756420149e-01
-2.671793433039000853e-01 1.905856555937075281e-04 -6.239347136995890830e-01
4.304601577818496505e-01 -4.072857167083272500e-01 -6.216482900312562121e-01
2.698320858488293394e-01 -3.456903065766419036e-01 -6.194581725479310075e-01
-4.582001199954339743e-01 3.473613044041622411e-01 -5.944975169357807898e-01
2.754676059182349923e-01 -3.856005207530840972e-01 -6.218602616528895455e-01
-1.998794855638215962e-01 -2.130670311776586279e-01 -6.201465786212956299e-01
5.342420513546859429e-01 -8.785874493251193129e-02 -6.157471911285411492e-01
-1.959797926434294069e-01 2.373075831650158229e-01 -6.018388443346609495e-01
-8.132065956280840058e-02 2.665773160210780923e-01 -6.021153093760626129e-01
4.927761253217343151e-01 -1.518600225315379637e-01 -6.163956813183441019e-01
-2.356702286077249908e-01 -1.461810272546933687e-01 -6.195904998779053763e-01
3.828678012658163765e-01 4.722630384638216161e-01 -6.054973261725606903e-01
4.504327585667841083e-01 4.947515891864416870e-01 -6.065824740082017552e-01
-2.426866774456648002e-01 7.798775618133904630e-02 -6.426323493422643196e-01
-1.588964873310385120e-02 4.353468001676242261e-01 -5.989808170409409716e-01
3.838309879550946269e-01 -2.350121939994616604e-01 -6.174759274315196889e-01
3.350394282589030936e-01 -1.859549949829447657e-01 -6.173495793612235882e-01
-4.467272324276170270e-01 -2.310545786602442586e-01 -6.153082325382184248e-01
-4.576096484286901883e-02 2.076071071293783543e-01 -6.023264652912909689e-01
6.631909670337846618e-01 -4.213906255396274725e-01 -6.216133776971165537e-01
4.470653210782051801e-01 -2.793867288698618223e-01 -6.173670073681611914e-01
4.148228274417644496e-02 3.467723726924607508e-01 -6.034058478571626694e-01
2.419058602989174744e-01 -3.344588003635489380e-03 -6.118671727888227441e-01
1.586048774770598413e-01 1.424023952221879497e-01 -6.082291703023786633e-01
4.620934812186723306e-01 4.104942318312070071e-02 -6.141119038085929294e-01
4.271083524812034349e-01 -1.748556386935544715e-01 -6.163458554018268476e-01
1.262739027826661475e-01 -2.309016596539660016e-01 -6.160831541558874358e-01
3.356467568001976209e-01 2.674984155339341085e-02 -6.119488096791358966e-01
3.636580689876533490e-01 3.672033368376879103e-01 -6.095916103391683105e-01
-1.198785460404356296e-01 2.894461681520110741e-01 -6.020863875123624309e-01
-4.446311367997900499e-01 2.619282638599469415e-01 -5.979891333104661033e-01
5.581360232593970405e-01 -1.893968906897210702e-01 -6.160452113909712368e-01
2.418617321202596454e-02 -3.644248131953416181e-02 -6.086229823278715978e-01
-3.119593566747348445e-01 1.774426448003696699e-01 -6.152513870345754921e-01
-6.424318836285504153e-01 -4.189322805826257989e-02 -6.034639146485224481e-01
1.562811196926080018e-02 -9.639180080661574612e-02 -6.120705448637556723e-01
5.841182324864447883e-01 5.822675120105780949e-02 -6.138919414652633799e-01
1.932311952827145407e-01 5.054723431811067869e-01 -6.042399589981408692e-01
-1.327336402480627786e-01 -1.004596556564640586e-01 -6.232714536952721485e-01
5.610733923435413661e-01 -1.499959049305800429e-01 -6.160205399939147064e-01
-3.867381637611979617e-01 -2.651501201719299594e-01 -6.186014239899134681e-01
-5.081180745414494160e-01 2.805586472709127588e-02 -6.044196126922830592e-01
-5.456067590255873068e-01 1.595725724442299542e-01 -5.995131812413581063e-01
3.414686029932156308e-01 -1.141962450072174923e-01 -6.156387683787756249e-01
-6.163099531895667171e-01 -1.458850931127405638e-02 -6.036831425923674388e-01
2.615992597298631983e-01 4.221153377289492692e-01 -6.071600905017613403e-01
5.054435510192505365e-01 5.964842606101349309e-01 -6.044876654519097947e-01
-2.014610467477880307e-01 -3.280192152140594675e-01 -6.243644377756626396e-01
2.368105474307135305e-01 -3.312330144652939068e-01 -6.187214035958154001e-01
3.010031411472395210e-02 3.889653166721058763e-01 -6.031429893181431412e-01
3.210656884036011682e-01 1.247750487072178949e-01 -6.099769134343753230e-01
6.305565312039107528e-01 -8.225512206902724915e-03 -6.142888842363032342e-01
-2.647980453065171269e-01 -2.064355708732663608e-01 -6.188569655225710786e-01
4.407378859092462436e-02 -1.959448409173660255e-01 -6.138679762917857996e-01
4.706051703782754281e-01 3.066310861567175250e-01 -6.069744293977585858e-01
2.801541926769492985e-01 3.128477206918413578e-01 -6.087909800581965403e-01
2.507004230976944137e-01 2.896353249705000410e-01 -6.101086578961995022e-01
-1.122489924523522031e-01 3.284189653429723799e-01 -6.007674642400120391e-01
2.169470775737264989e-01 3.020177050659644258e-01 -6.094533787784025547e-01
-4.931594001895132084e-01 2.088339970005519963e-01 -5.978952183609691495e-01
3.407835316619860500e-01 5.972245938359550532e-01 -6.085340153345373260e-01
6.080817040584801658e-01 -6.651743778287014242e-02 -6.165649075231812715e-01
-2.022678892988529972e-02 3.581985717736708291e-02 -6.080165225330707024e-01
2.073966090874359014e-01 4.980734226971979262e-02 -6.100325549606022690e-01
-6.282203512854697136e-01 1.065763631345170021e-01 -6.004669996279757838e-01
-2.999023401049124571e-01 3.925811491979295798e-01 -5.979131165749441701e-01
4.383468003852199479e-01 2.891192065628120367e-01 -6.062979062025957155e-01
-3.020867432263245611e-01 1.023784372715436097e-01 -6.336422524710123572e-01
1.882098684098043595e-01 1.133725490184174511e-01 -6.082425342340558316e-01
4.286230621117728679e-01 -3.468228622153938234e-01 -6.183661092315005936e-01
-4.388311171944266342e-01 1.920459569029342450e-02 -6.058599493925110879e-01
-5.475594017883378406e-01 -3.231588845859336701e-01 -6.194059745519269189e-01
4.885360009170576778e-01 3.805157666525887938e-01 -6.078977760478464498e-01
-1.933163471162254593e-02 3.380067491148088799e-01 -5.998890167873570656e-01
3.951041839301366321e-01 6.083603956507976918e-01 -6.021784254791235913e-01
1.581051394370156515e-01 -7.727644629712886182e-02 -6.119674385261868466e-01
-2.292191530025117219e-01 3.979147160484356460e-01 -6.003552360724876413e-01
5.049460751856701402e-01 6.443481253106950191e-02 -6.134185206958231440e-01
1.412803542388193223e-01 3.706108769663291613e-01 -6.060027505008261928e-01
2.508071912390956726e-01 -2.753344598948175292e-01 -6.178748976366128520e-01
-5.033632813844829412e-02 4.616935169525877014e-01 -6.015108616232258676e-01
-3.362214126089956845e-01 -3.430595799484125186e-01 -6.220249811950583352e-01
2.332390980484636556e-01 -1.023635584896590289e-01 -6.136746636721864823e-01
-2.975325939221996063e-01 3.252476041964453279e-01 -5.980093310659512218e-01
-2.241570998360109535e-01 3.305900961396074922e-01 -5.995335842559058603e-01
5.675343751850130403e-01 -2.040342961457877052e-02 -6.140704859776771052e-01
-5.676818880876028928e-01 3.315841730521189579e-01 -5.941613410293968833e-01
-4.946020817925665947e-01 -2.729700331988220707e-01 -6.177995300031597914e-01
7.438049945119838691e-02 -2.782788789983237643e-01 -6.149499593718611434e-01
-6.660697902707396478e-01 2.944840406314359615e-01 -5.903507288695708510e-01
1.016751772827881595e-01 1.724683214102592232e-01 -6.059599676542752889e-01
6.246759731351232414e-01 -1.770425703471447398e-01 -6.147726439685150535e-01
-5.885000451020360179e-01 -8.015812730354535121e-02 -6.050427150013270028e-01
-2.843353231471822951e-01 -1.008570241160024888e-01 -6.166916955826814428e-01
1.157744968638967781e-01 -4.079710326665032111e-02 -6.099106464157750818e-01
-5.657935263132599646e-01 -1.980122221833313101e-01 -6.106887823244055991e-01
-2.759024211673343219e-01 -1.364411705978002820e-01 -6.167106532686347231e-01
-1.189277699449290682e-01 1.416433672689910162e-01 -6.112733740331303123e-01
-6.258050731864834848e-01 2.555241453292521614e-01 -5.959440123658705790e-01
6.010381291900900314e-01 -3.240473857398547958e-02 -6.147351561871023939e-01
2.486750868054008468e-01 -4.333165588431851789e-02 -6.130085260693615146e-01
1.951524313232849417e-01 -2.396999626342581902e-01 -6.164064975630481058e-01
-6.085229142479555708e-01 3.145100602917498822e-01 -5.936417645821019384e-01
-8.560698487332472906e-02 -2.050321125161207458e-01 -6.216546500238325779e-01
6.120397637580641259e-01 1.187630163524721200e-01 -6.122758691770613382e-01
3.417921963721513579e-01 6.041034242384442365e-02 -6.108739205219102519e-01
2.266273548159701834e-01 3.968022316017646434e-01 -6.069561095951807594e-01
2.262870150946104109e-01 2.299577967472632434e-01 -6.099753740318047956e-01
5.433190127262541580e-01 3.685126241680488635e-01 -6.076293415001738918e-01
2.036963325116597848e-02 3.200689760279588625e-01 -6.020285070394593152e-01
2.008489998763137926e-02 -1.713817154785478580e-01 -6.139189514334369990e-01
1.768420111746812351e-01 -1.243777321400491020e-01 -6.134936403874973188e-01
-4.543419523307399843e-01 -1.457768976851941262e-02 -6.059819931294195827e-01
3.764294536438552163e-01 -4.397320851998707258e-01 -6.247332357312771478e-01
6.220930929593824210e-01 2.453913121056597313e-02 -6.134016796863752674e-01
7.659745909908248496e-02 -2.436986391545656050e-01 -6.139988747456808227e-01
-5.720508552309276906e-01 1.164409443346895168e-01 -6.014093949159701191e-01
-5.020989968243956270e-01 3.519781402783694335e-01 -5.935550630078135770e-01
-8.296887968441300776e-02 -1.288722584618998135e-01 -6.181516788217880087e-01
-9.735321613125300089e-02 4.454017619878676559e-02 -6.151620487011975058e-01
2.341157578731982991e-01 -2.372463383532459891e-01 -6.174687937401968085e-01
4.336241811350883824e-01 -1.144738056420177980e-01 -6.162815231420355477e-01
-2.882260570730263427e-01 -2.612622815184965225e-02 -6.176081804924492547e-01
-5.578983453733750257e-03 5.039501078175662174e-01 -6.012709491479535373e-01
5.012184092906906141e-01 -4.035201095136304456e-02 -6.154098030585004597e-01
-3.875171933143308767e-01 3.314646057123626921e-01 -5.965851716183409037e-01
1.692773215866573144e-01 -3.280741489086708151e-01 -6.179032187809302412e-01
6.122960883366584950e-01 -2.560001859120149548e-01 -6.156540771033909287e-01
7.438190549562360976e-02 -8.353141206957365172e-02 -6.100227595158880245e-01
-1.500674229610224064e-01 -2.158685501718321798e-01 -6.219201362122607213e-01
1.323685749040645621e-01 -3.268701509540124506e-01 -6.179308525486907344e-01
5.084537244585411904e-03 -3.424479225901847501e-01 -6.257343593371431645e-01
-4.608416833865763285e-01 -1.812399553586632461e-01 -6.124509126518352664e-01
1.209071545933852743e-01 1.102473199997092701e-01 -6.071411161798446754e-01
2.128830320540456844e-01 1.766687385560619106e-01 -6.095348500304447192e-01
-1.250633133441291511e-01 -1.678616664394277369e-01 -6.220137643182963583e-01
5.909360302026520628e-01 -3.581916386565645594e-01 -6.198986344895773826e-01
2.269923868420351265e-01 -2.986379198543825386e-01 -6.181504404317519352e-01
4.460732345604360716e-01 -1.457173080097324269e-01 -6.163237470542974883e-01
-6.050044157829973512e-01 1.657683734721959179e-01 -5.990816935540965726e-01
-5.192767021318471787e-01 3.166644675249646879e-01 -5.950731809528986282e-01
-1.729386666256131355e-01 2.961908777474242527e-01 -5.999945005447292479e-01
4.031872327325548566e-01 4.231741387185437853e-02 -6.124275166579009611e-01
1.375921069309045952e-01 -2.686958209056272695e-01 -6.164165614468404275e-01
-5.104513465993839594e-01 -2.140956182337498404e-01 -6.135741231157372244e-01
5.819311194526829434e-01 -8.684921974844708736e-02 -6.161950985921147428e-01
-8.386754198649479242e-02 3.458325798389248473e-01 -5.998049958464696241e-01
1.840512622183182179e-01 -2.124095595100316744e-02 -6.103779127920467840e-01
1.692892305836894151e-01 4.005911558042337672e-01 -6.066151302016865587e-01
-3.972741698897482854e-01 -9.681382038755043107e-02 -6.099368600024647202e-01
-2.914077984681634481e-01 -2.973780883580893764e-01 -6.212053163354177565e-01
3.662076581610976267e-01 -6.999536323389423526e-03 -6.134030879658725066e-01
-8.510180659278746007e-02 -3.081445490911063345e-01 -6.269546409687352106e-01
5.288056298483068129e-01 4.000717979573728544e-02 -6.138788544854179019e-01
2.189821867528282673e-01 1.257654526033721298e-01 -6.094453332219680330e-01
3.976603195932744694e-01 1.033673455448163581e-01 -6.105446345693910093e-01
-4.259864656037806729e-02 4.934946626370694811e-01 -5.994982125202549250e-01
-2.293788244384209474e-01 2.776582573400804832e-01 -5.996798985296175610e-01
-3.776629551098925064e-01 -2.286312291732152391e-01 -6.171945855990484953e-01
-3.430464673069014703e-01 3.502124225635597776e-01 -5.962515732732122098e-01
-5.978328552640993498e-01 4.784350536441638047e-02 -6.026803916167852160e-01
-1.734496845105521212e-01 3.946954524458903824e-01 -6.017343967679309458e-01
-7.392043494528367786e-02 2.339638851078251480e-01 -6.033563804930814900e-01
-5.368252499446044546e-01 9.113883286879859158e-02 -6.023354502308215785e-01
-3.320496787205209910e-01 -1.025646206301785851e-01 -6.123424331700584311e-01
-6.086806285101076242e-01 -3.463558127048445012e-01 -6.187837005814775804e-01
-4.845679695828635225e-01 -2.421105936171115136e-01 -6.152897828344154885e-01
3.394821686258819859e-01 4.977498939186351112e-01 -6.063879109478342855e-01
2.753120796570838746e-01 5.788207811350178922e-01 -6.065906988906945019e-01
2.072008244791162523e-01 3.336072573937371999e-01 -6.077344657756411639e-01
-3.521373413486068027e-01 8.048669702191997566e-02 -6.185767908232748802e-01
-9.610610958322687858e-02 1.727775307689711770e-01 -6.080359206685408413e-01
6.417594065014152749e-01 -7.566862809478722141e-02 -6.157261726399476665e-01
-3.917503458739027833e-01 3.905461603979736851e-01 -5.940357220821915751e-01
-6.282620168620925982e-01 -1.972070829044141327e-01 -6.102097976082585529e-01
-5.672207130303695832e-01 -5.544457995330508149e-02 -6.049404878426530852e-01
-3.232817741997119909e-01 3.713188442527723399e-02 -6.233452184752805714e-01
-6.062486623417668863e-01 1.980293386165487557e-01 -5.980947530903042431e-01
2.709211018972627061e-01 4.860117160366596994e-02 -6.099972323070406155e-01
-6.694557889332621858e-01 -9.607555907408589502e-02 -6.098915093787630193e-01
-3.265303814457282128e-01 2.483702533338082996e-01 -5.997737364974652374e-01
-1.702156458924777849e-01 -3.692066710342061797e-01 -6.293693090059200301e-01
4.656663415658373051e-01 -4.041866770366527861e-01 -6.220423888483053165e-01
-2.354994859661540541e-01 3.959461452896464312e-02 -6.383474116875080817e-01
-6.741241379972224834e-01 1.623155480219796304e-02 -6.052673392514433814e-01
-6.216382734831406298e-02 1.186749581245657714e-01 -6.079112563966254656e-01
-5.738270205648364763e-01 2.128365916718899797e-01 -5.974195979986305360e-01
3.495363026403602857e-01 3.153955851244029107e-01 -6.075897434260910668e-01
4.451409272243608273e-01 -6.808530089981273438e-03 -6.140329689006027714e-01
4.669941420505415719e-01 3.422452109149347610e-01 -6.078989701425149272e-01
-6.736811437877685549e-01 -3.171320516568806869e-02 -6.047366561782693273e-01
5.031177494980916265e-01 -1.560255793084951419e-03 -6.143495659905350292e-01
-3.627443860715995338e-01 -5.514976068485902272e-02 -6.104292071279577847e-01
-5.980857039450802048e-01 9.615502476904164153e-02 -6.015613831799556666e-01
3.020240733222124829e-01 -4.356313665182567560e-03 -6.122642904749655557e-01
-6.009415577231751460e-01 2.754181631890156856e-01 -5.957200174996906128e-01
5.265694274401077069e-01 -2.388634552042650516e-01 -6.172509296498124298e-01
4.830796232833479698e-01 -3.756646279517282805e-01 -6.202864551327429421e-01
3.219317656191065247e-01 -8.879716522746786134e-02 -6.143710290096001669e-01
-7.141297763534087961e-03 1.477436299771923145e-01 -6.035057100244285433e-01
-3.667729536349982888e-01 1.087298362564878412e-01 -6.149292409441173834e-01
-3.868802082369342532e-01 2.657794975078493493e-01 -5.982208328588256574e-01
-5.902754461040273792e-01 -1.463847130480954439e-01 -6.072087183489607298e-01
1.947630339929440069e-01 2.794177185122764806e-01 -6.079433780412468735e-01
6.918346725505015726e-01 -4.079236411303419074e-01 -6.233477958101295568e-01
3.262974103819009097e-01 1.838174274275041764e-01 -6.102719062578946252e-01
-5.483727100276694078e-01 -2.559021625157549273e-01 -6.159744544173111347e-01
-5.758708414600325343e-01 1.486242190389179818e-01 -5.997929475416369227e-01
-2.330553243878407954e-01 -2.997608092463000529e-01 -6.220753976224926429e-01
4.971983167032185680e-01 -1.831900050390646295e-01 -6.167114313592607644e-01
-2.295339258341569932e-01 -3.621421719009974005e-01 -6.262759096971421968e-01
8.969537749601970422e-03 4.545654107580111014e-01 -6.022407550393008568e-01
6.449761474620135937e-01 -1.192585606093360118e-01 -6.154978027567303833e-01
8.735733939914566704e-02 1.918561930339802296e-02 -6.076936555846252919e-01
1.249146551414117290e-01 1.607592539666338879e-03 -6.095044573190496751e-01
3.741728958079813538e-01 -2.039726926922676986e-01 -6.163534875273072311e-01
-5.791936380820093822e-02 3.222684029018898499e-01 -5.995201443017020848e-01
-2.808969258433428595e-01 7.759126459149538746e-02 -6.381877411034715397e-01
3.365799710166946790e-01 3.506899920518090075e-01 -6.080005118241371687e-01
1.225995305170541616e-01 -3.713064507922904101e-01 -6.198338537832124295e-01
-1.946920912439071838e-01 1.894059206952440622e-01 -6.090162333896294022e-01
-4.036701852729882578e-01 2.151380403009421904e-01 -5.997727689746709112e-01
-1.528196285240959462e-01 4.448793403533752855e-01 -6.037121342230107324e-01
1.153441932693146238e-01 -2.910594645172780437e-01 -6.161561475634993457e-01
8.451994644594974793e-02 -4.034592726523845291e-02 -6.088544369150312718e-01
-1.360702475864913608e-01 3.835591645668903205e-01 -6.009168596166670762e-01
-9.758850412629241355e-02 -3.701128230862027468e-01 -6.313688759523197191e-01
-2.044450842345318931e-01 -2.442662918671160144e-01 -6.207576890724995078e-01
3.492833308771432776e-02 -1.341012786798853051e-01 -6.118645316307748105e-01
1.967979694100833732e-01 2.401300349735921436e-01 -6.088831835301762307e-01
7.125918832038222184e-02 1.058496262555035372e-01 -6.058937894854670159e-01
-5.206749569520954246e-01 -1.584333933559992913e-01 -6.102092662478199037e-01
2.517776939435860672e-01 3.555625917202107633e-01 -6.098244981155632738e-01
-3.297898751055948208e-01 1.529035374275701797e-01 -6.224640843419768643e-01
-5.413634791062388318e-01 -2.179994361073089859e-01 -6.125071048935470941e-01
3.142934522923883645e-01 7.502185879688472170e-02 -6.103011267026043907e-01
-2.074122224629998401e-01 4.457636370971982953e-01 -6.040901038916635102e-01
5.826052339396466939e-01 -2.085899855911623191e-01 -6.161289121852164818e-01
-2.785739852789172466e-01 -3.602555333765721235e-01 -6.255554729907472078e-01
2.909639951374015099e-01 -8.765306433603400893e-02 -6.139063736708486596e-01
-1.788981336842238312e-01 -2.705409374970959568e-01 -6.222068209950778472e-01
-6.855481236985094817e-01 2.305027423484814486e-01 -5.836490909739933119e-01
-4.391768653955255841e-01 2.307638319928127513e-01 -5.989158227920718947e-01
-1.198005108184498763e-01 4.321560259962816675e-01 -6.013277969182292404e-01
-1.993222313856590211e-01 2.679873868498727219e-01 -5.997032218984695850e-01
-5.193970941227046278e-01 -1.308663529923849086e-02 -6.050779257913057041e-01
-4.191516640306885977e-01 -1.491090998325346750e-01 -6.119583516984390403e-01
-1.436829291481267756e-01 -4.021385072793422222e-02 -6.271594178993142865e-01
-3.192050351036316291e-01 -1.545353096994544484e-01 -6.150925690435581350e-01
1.428997370154205804e-01 5.437840877842594622e-01 -6.024789284584034510e-01
-2.939184021893029852e-01 2.144486238486397189e-01 -6.028612589845490088e-01
-4.077621085513242760e-01 -3.418538330582828605e-02 -6.080803779824328625e-01
2.914080824418712606e-02 -6.852150800900855265e-02 -6.100537744422297459e-01
-6.490702903010415747e-01 5.965304565483497967e-02 -6.014716115504299410e-01
-2.464849943194023785e-02 3.683133206547548055e-01 -5.980046691588827290e-01
-5.460379542539504083e-01 1.995199201829345181e-01 -5.975537229046923304e-01
-2.796791297430890610e-01 3.670372572471671258e-01 -5.983242307590954656e-01
-3.840600580112732421e-01 5.075735871718434211e-02 -6.122809303792235980e-01
-5.483666408996454855e-01 3.057983938254791312e-01 -5.953569032424810281e-01
4.706701201046096239e-01 1.103232077677285608e-02 -6.147132889455100280e-01
3.350568591237431670e-01 -3.591251672766179182e-01 -6.200087445331364799e-01
6.962741739334457614e-02 -3.398858497283810953e-01 -6.187620728376775903e-01
-4.239667577471979421e-01 1.183564763710237555e-01 -6.057469789538549865e-01
4.429627058070578216e-01 6.551526647409756932e-02 -6.131368967960766359e-01
-4.156208752936980666e-01 2.766083598408644040e-01 -5.975661341590583486e-01
7.231034568814727337e-02 6.751148557339754774e-02 -6.058575044436862456e-01
-1.463473649626408357e-01 2.422470533886509347e-01 -6.054606747637177877e-01
-1.213562164578108893e-01 -3.893098062502641232e-01 -6.334293758201952063e-01
2.326878521511723807e-01 1.531417033916805392e-01 -6.097530890843786411e-01
-2.248184291743501317e-01 -3.551870315864802397e-02 -6.257595302288938566e-01
6.799057964501051265e-02 -1.342379882023621573e-01 -6.101535424987265532e-01
-4.533074528382217694e-01 -1.150611313472326841e-01 -6.098997510815322709e-01
2.329123799718929230e-02 1.349726114720126852e-02 -6.052274985352987802e-01
-4.495510086848721887e-01 3.773499469391402017e-01 -5.926700597422285277e-01
2.756239156368130994e-01 1.735550400141817051e-01 -6.097831432222113879e-01
-3.234266873748945503e-01 -2.403020549107675596e-01 -6.183459732285113697e-01
9.808156896570453462e-03 7.317196163906815320e-02 -6.051538206669225817e-01
-2.941241277955394251e-01 3.795354124836253229e-02 -6.329967223539324506e-01
-6.590015838205645071e-01 1.999676877327597746e-01 -5.978781782262709843e-01
-4.723043909057157430e-01 -2.941638696376736029e-01 -6.186265488520192868e-01
-1.140260919627550384e-02 -3.297142261753149145e-02 -6.109958922635728706e-01
-4.224320257941427403e-02 9.583661876593735363e-02 -6.077064517895427453e-01
6.155876675379492458e-01 8.868841631992878394e-02 -6.113765675906940311e-01
-4.209037484745973279e-01 -3.237545290950127885e-01 -6.206658136144772575e-01
-3.181012323439801059e-02 -6.515616122854862857e-02 -6.131024440118642005e-01
-1.849045438553150733e-01 1.033732035054109322e-02 -6.348032798275198285e-01
4.205467801488672053e-01 -3.780383056164545730e-01 -6.201617193742812173e-01
-5.588556338999877554e-02 -3.427792946165817423e-01 -6.282876154202322594e-01
-1.379066606047973098e-01 3.449191770525616429e-01 -6.013623710651684329e-01
-4.252878021373376338e-01 -2.095752320007385761e-01 -6.142305261888529877e-01
5.408275736551496626e-01 -3.403279108842606759e-01 -6.200227518788890002e-01
2.369384915738302899e-01 1.015622517511844958e-01 -6.092548088546301255e-01
-5.749770153660225258e-01 -3.073273016925471834e-01 -6.177499385218090389e-01
4.053233465819887082e-01 -1.032005300495868055e-01 -6.155561347680255091e-01
5.847374033607756205e-01 -2.394772824040127257e-01 -6.161677878837077404e-01
5.645659562531628317e-02 4.051523976203540989e-01 -6.037278964325319963e-01
5.039559836183151731e-01 4.189703661869157991e-01 -6.101481939024409051e-01
-1.690810592686423086e-01 -1.247305840142651084e-01 -6.221778350635870369e-01
5.987928259150044896e-01 2.071651679810813940e-01 -6.118651557520277118e-01
-5.449007496471961268e-03 -2.799811079833288696e-01 -6.208865626160452456e-01
2.774141791386335321e-01 -5.314882550723169785e-02 -6.129274035323503123e-01
-5.689198260040491395e-02 -4.039335467427984105e-01 -6.319830350105936079e-01
5.594191258333693906e-01 2.638820914040913568e-01 -6.072109722858107794e-01
-5.215941037908640165e-01 -2.860837343817272949e-01 -6.180354394949942876e-01
2.146780587758417569e-01 -3.514716642874797237e-01 -6.194435385217522683e-01
-6.531318461912506423e-01 2.674427256534537278e-01 -5.927784258932353723e-01
1.165279904292820523e-01 -1.036862546054196782e-01 -6.119209149647798496e-01
-4.984286281136812713e-01 -3.374918338527042039e-01 -6.202273049059219279e-01
3.819037463386784070e-01 -1.446883223210794489e-01 -6.158097586987413274e-01
-4.909205192051686595e-01 5.270141720465009588e-02 -6.038854367759223241e-01
3.655760413818518462e-01 -3.595795631773429646e-01 -6.198221602011261266e-01
3.608930165040815097e-01 -4.139920037414183129e-01 -6.238638742089044342e-01
2.589986714072455842e-01 2.606575935718804526e-01 -6.102233792006295232e-01
-4.485947154304633644e-01 -3.450946967011933042e-01 -6.220578404958770902e-01
-4.130700676314035258e-01 3.158448650024963111e-01 -5.973563298507206243e-01
5.660689197653367977e-01 1.621481723283033083e-01 -6.123616893996826072e-01
-2.503545019515982517e-01 1.821359770273294210e-01 -6.207642147513734443e-01
5.339503362144711884e-01 6.202259270831791405e-01 -6.023880956857038393e-01
2.123922077272821507e-01 -1.697580358378762829e-04 -6.105591805024841445e-01
-5.616503985921004194e-01 -1.136852845749606600e-01 -6.064798060674556623e-01
8.846804876776004356e-02 2.509027485168637828e-01 -6.057015223342302468e-01
-6.301567583367049252e-01 -6.901938989435887906e-02 -6.041743203148316477e-01
2.673742688827043246e-01 2.019735206234696823e-01 -6.098658209365864780e-01
4.836792199246097712e-01 1.140620806590802866e-01 -6.124929327323779260e-01
-3.912605729747074546e-01 -3.488175281782941450e-01 -6.234394267279483870e-01
-3.378072393083995095e-01 2.878850675239967294e-01 -5.986638789393905480e-01
-6.946448475864681615e-01 2.875556040219009457e-01 -5.934387747434157756e-01
1.967798416288432661e-01 -1.801747452459090404e-01 -6.159700731015019803e-01
3.275583862712206917e-01 -3.983891026078861808e-02 -6.138252157366633766e-01
-1.519462203055680916e-01 -6.993959170745758791e-02 -6.261317771328225312e-01
4.199131597692951079e-01 -2.906643448051852152e-01 -6.175067798991435986e-01
4.911838418780586912e-01 -1.033149279277438826e-01 -6.160846750582207321e-01
2.809353844525731003e-01 1.226097251500625346e-01 -6.095204461188029610e-01
-1.367518286949862549e-01 4.135596254220763601e-02 -6.254721793035452615e-01
4.156799723839783023e-01 -9.695816801620711980e-03 -6.137801697102474030e-01
2.998851137805803521e-02 -3.186811360470019894e-01 -6.224124350337250089e-01
1.983424446461011792e-01 3.891072946944075239e-01 -6.065763625208879795e-01
-1.369095060933811503e-01 9.181708008516054065e-02 -6.208374690232454363e-01
-1.022148128156582098e-01 2.268587724445039755e-01 -6.045879823158577526e-01
3.554659880165879082e-01 1.846411359116640338e-01 -6.102378453409211811e-01
7.800519450528212162e-02 -4.107958190070288840e-01 -6.190111365856300063e-01
5.556649455376152513e-01 9.695370229039863841e-02 -6.135037438859634040e-01
-2.361063135692332074e-02 -3.237762020199528301e-01 -6.257473480932664867e-01
-3.802902776071353519e-01 -1.225817957220347865e-01 -6.114055198176101547e-01
-4.667813597092151934e-01 -4.143477496176760366e-02 -6.059393657633225239e-01
3.025191527227817367e-01 3.700473824775040721e-01 -6.077713431469609073e-01
-2.478975223918159221e-01 1.286345573518645757e-01 -6.393324906211723668e-01
-5.211755514131877209e-01 2.164894388119053270e-01 -5.965148676870138944e-01
3.800881603239721906e-01 -3.848309287397821965e-01 -6.208876851280045184e-01
-5.217331274869667357e-02 -2.474516465475679605e-01 -6.218021389569482471e-01
-1.785246335373071314e-01 -3.102555259443221525e-01 -6.253439056353945480e-01
-6.301510755937386743e-02 -1.620004348082852152e-01 -6.184521957122440794e-01
7.076456561715963045e-02 -1.825926516580160808e-01 -6.125271578711979359e-01
-5.911659109743183649e-02 -2.188406646775983844e-01 -6.202933026256088889e-01
4.264301071783721531e-01 1.004927787088474855e-01 -6.125681457370710792e-01
-2.728783549219740423e-02 -1.982842101319844397e-01 -6.180589741665665215e-01
-3.375637602927605840e-01 -3.716617075068757714e-01 -6.265033268634560004e-01
-4.200015893197421857e-01 -7.509655547025843869e-02 -6.075623680685742212e-01
-3.358433561445339222e-01 -2.739007862029734786e-01 -6.200267179213886370e-01
-5.433779172578612204e-02 6.872311536956068889e-02 -6.098189867018637411e-01
5.189841491082520797e-01 4.947557024733950093e-01 -6.097836880633857870e-01
1.297945686609007776e-01 1.445306879943789868e-01 -6.076953725369361736e-01
5.640927222808934244e-02 2.028161154338885275e-01 -6.039345263394877428e-01
-5.427081686144622497e-01 2.597083864379149953e-01 -5.961912443259366201e-01
-5.076781756782350330e-01 -1.327305676351649422e-01 -6.085588117527935825e-01
-2.216848475301807023e-02 -1.443345495276778245e-01 -6.155631419499181245e-01
-6.336668115120737133e-01 -3.161729935893176080e-01 -6.163925125025537799e-01
5.922509926711667649e-01 3.061021783021072168e-02 -6.134278017715181219e-01
5.932286521879797103e-01 -3.152371154106297091e-01 -6.181194657933259951e-01
5.740490000030687989e-01 1.215179139130173197e-01 -6.146016670692548978e-01
1.084851255600142728e-01 -2.083408473741360512e-01 -6.143773568035684196e-01
3.807278704866604024e-01 -3.346257409546876671e-01 -6.182082685156786717e-01
6.390493925111779827e-01 -2.250742839112290228e-01 -6.157941763706790139e-01
-2.507721352815809324e-01 4.192259743018788565e-01 -6.003784751432296174e-01
-5.359549592722675504e-01 3.886874949303733423e-02 -6.035974097552266882e-01
-2.375644189147048668e-01 3.051236936823035761e-01 -5.992786047424647489e-01
4.365572984885098817e-01 3.964653460168787724e-01 -6.077119106952140193e-01
2.886589576516150890e-01 -1.391864256293736668e-01 -6.158579993767788752e-01
-1.021548496752252150e-01 -2.577590909591803148e-01 -6.247178420956671641e-01
-5.903376705147806991e-01 -2.127726625320988108e-01 -6.115928808184218912e-01
-1.938107177332002440e-01 -1.711261249668805939e-01 -6.201679839347735701e-01
-1.411017120460190954e-01 2.704062265938519949e-01 -6.035283851548627343e-01
4.575604208729969202e-01 2.285255218111638398e-01 -6.076592149401051079e-01
-5.685446500765202194e-01 5.667126207831004771e-03 -6.031184166699168347e-01
-1.056001320160923906e-01 -2.264751866950268644e-01 -6.234134374237135789e-01
4.999654298429788701e-01 -2.710225077052894060e-01 -6.175161887415395734e-01
1.656455587468714380e-02 4.861395874053791033e-01 -6.019687607815566999e-01
1.429146415541661108e-01 2.634210138045582905e-01 -6.065884726720789377e-01
6.208253828659339169e-01 -1.478042148195992112e-01 -6.144987372104327994e-01
5.353266928113129541e-01 -2.067753323758603212e-01 -6.164162744874654987e-01
-1.516573282330854755e-01 -2.621955549753660075e-01 -6.232667623819430069e-01
3.464965763605274557e-02 -3.854277995273173163e-01 -6.301290872735403337e-01
-2.586069240219711629e-01 -3.120669266571533540e-01 -6.223935709010395279e-01
1.522433867721217360e-01 -2.172858459415340504e-01 -6.161836363355652768e-01
1.523420914016088146e-01 -1.732869184477195679e-01 -6.158162208936072135e-01
4.374015556699830665e-01 -2.011586109159193003e-01 -6.175982596735778429e-01
-2.757636412996037900e-01 1.329523577345780583e-01 -6.341388901675715228e-01
8.552408196903896198e-02 1.974557258543893357e-01 -6.053704282452279095e-01
1.280105624135708109e-01 -4.166937460403526416e-01 -6.176623740185291922e-01
2.513910425689922512e-01 -4.003578825072379166e-01 -6.223758344431109535e-01
4.784809998948088006e-01 5.840138686325875295e-01 -6.060919262823099007e-01
4.526640466209512215e-01 -9.320704686292347052e-02 -6.162330577598144066e-01
5.369041722075826861e-01 -3.917472657352497611e-01 -6.224324903339568671e-01
-4.573672008376544196e-01 3.184514257839742291e-01 -5.962652591426060855e-01
6.349961873656577438e-02 4.806425837277621405e-01 -6.035203433732014844e-01
3.544216053307839842e-01 4.738574247456846522e-01 -6.092976412500094030e-01
-4.734722545837690699e-01 9.200252606065476013e-02 -6.037431026983262061e-01
1.646275609418675900e-01 3.272132136037003008e-02 -6.098515408143860839e-01
-1.472219705930816191e-01 1.551633306741196927e-01 -6.136988284785107606e-01
9.358742041354455856e-04 -4.021288157058769408e-01 -6.341273138869326642e-01
2.920556558859671581e-01 -4.317810803527879493e-01 -6.238260464868576882e-01
3.225473352142440020e-01 -3.841260548165482680e-01 -6.219377946786440736e-01
3.907722140567667091e-01 3.741066153084643409e-01 -6.078612534864854533e-01
-6.310854628031151159e-02 -1.092725966934388060e-01 -6.162785217710373686e-01
-5.000277287918797331e-01 2.964068657262304840e-01 -5.955520750263767482e-01
